3 0.11963891827746265 0.523462818054357 0.09788004354763251 0.1673767000904448
6 0.3315416462124863 0.2937652409894613 0.07137289295284888 0.1634388628429029
6 0.3810701597708852 0.5315266450360574 0.05244760236811369 0.1320623423357189
6 0.5513473751892344 0.4205219468718768 0.04335009832499215 0.1261209489859575
6 0.41860155659333964 0.2672018798423873 0.05598107992734941 0.14007176146322006
6 0.19892519361322822 0.41293456472128975 0.10091451808867646 0.11038498488007653
0 0.48843358979315804 0.34927514522809877 0.04379508767006801 0.09144401933814311
0 0.47714880648347613 0.5698965627561043 0.043816903301297505 0.07159415443063166
4 0.1581896805260128 0.6645618821777186 0.059922880288144326 0.09966593829321801
4 0.4898472771010028 0.6268487728220822 0.04621336342482685 0.07873690153668289
4 0.4013260396495637 0.6410206157827472 0.04032655267981944 0.08026172783350316
0 0.2692144159028627 0.40535608392054534 0.06066138035777205 0.09725120843547974
6 0.5304718511971431 0.5834281488226872 0.045781084265465344 0.07868292206928618
4 0.5360725049495052 0.6368245029311133 0.04154056011216001 0.07067250893630705
4 0.5631504279497579 0.500658345720596 0.03418237491039844 0.06854559852557496