3 0.9240772865858458 0.18956685113403612 0.08420321036989287 0.15819750278620454
6 0.8553099108959651 0.61821363804904 0.06875028015942353 0.1476070736531827
6 0.7615941377780323 0.49893983401061437 0.053497909595711546 0.12070736318495706
6 0.6808108993904389 0.8049776244266237 0.04788915244392633 0.11470438451330978
6 0.8083579315362994 0.7500035153717355 0.056823263585238926 0.12757113150606714
6 0.9049156837817862 0.3660895863790736 0.08061580828739878 0.11932889327860574
0 0.7416028775356767 0.7771505451093568 0.04297721980258962 0.08697564885329645
0 0.6889101081039408 0.5914989356313719 0.04114441820768078 0.07377850012387421
4 0.8653024273941866 0.12791768871342687 0.05203391334593266 0.09600817441361038
4 0.6648424204104282 0.5633276298226209 0.04413774077877319 0.08094763347893197
4 0.7191720201883972 0.43969161441387106 0.039069599198412464 0.07816671226312161
0 0.8645836834715572 0.4567676071955704 0.05303042473945718 0.09509201751246682
6 0.6496929654735539 0.6501653875064223 0.04413774077877319 0.08094763347893186
4 0.6310891652446305 0.6155043118675542 0.04018933399478497 0.0734170199842401
4 0.6507556185672209 0.7581749732710865 0.03424790442374759 0.06771872029183512