0 0.25857828946892447 0.3590978661348863 0.08242748599694832 0.08503436522978414
0 0.6583531572246829 0.5006066260934575 0.08351877313842548 0.08518553317532973
0 0.5686188193458792 0.6366268435536887 0.09236327471333461 0.07865621888442997
4 0.540166654841195 0.7008623580231902 0.11120238168461882 0.09007443745585264
4 0.4280339729174051 0.6479805368787919 0.10414631937960284 0.08953256892203454
4 0.25396190360149934 0.5658649644159033 0.08448705326355019 0.07863749969628342
6 0.3828494216885767 0.3429345594405965 0.07214535961343588 0.09479962303462147
6 0.2941848274829262 0.47172123573421804 0.07385726842200752 0.10237670617416439
6 0.4621870494908716 0.567912314512267 0.05996584841403074 0.07840074753947701
6 0.7248076100516399 0.5872996510188075 0.058461990232463346 0.08034261980495006
4 0.6982933641080451 0.6408345456680229 0.10460048197239391 0.0907020217872958
6 0.5556657913415427 0.4100711463433375 0.05301366411096753 0.06565933224396348