0 0.513832822254024 0.3423041070067281 0.04386466415481727 0.09533690699529634
0 0.8294196993605211 0.4804351042005507 0.06315942653213291 0.05975482434088719
0 0.6215371505759442 0.7471141204805738 0.042927606370587124 0.0646720494971379
0 0.7239786453347566 0.7832423968718694 0.02546580567927159 0.04397551293681634
1 0.720498282555635 0.46339475000628844 0.028448732922735753 0.10333517524299152
1 0.7547451223561238 0.4517696241529646 0.03271162867538968 0.1280906000723671
1 0.7624682010635125 0.7977916418840182 0.024982747602485977 0.0732855036127793
6 0.6625560709418519 0.7418355084297961 0.049790478891682866 0.11713761549028023
6 0.5564564517439234 0.4591393643460456 0.04972157794937837 0.1301908722884645
4 0.7735808445866765 0.34025667655713654 0.04188761566321031 0.05358799303163092
4 0.8420893519006185 0.3632539285707383 0.05765143123175198 0.06307792442459503
4 0.4731389328015554 0.1085297310298616 0.06215458193799556 0.0628329417345938