0 0.2325194818678912 0.7676311707666579 0.05328817222169996 0.14513557115355125
0 0.5631731719832087 0.38711662763613525 0.06952213331421864 0.11881714643671826
0 0.3282894159399147 0.20351526817582863 0.047422620092996914 0.10366724681766776
0 0.432877204548789 0.09677990598118334 0.0285157271186805 0.06713821809231205
1 0.44875965098346504 0.47922761324415486 0.0363153314584293 0.1375269567880324
1 0.48600542671502034 0.47106477572263905 0.04272590219558431 0.16886815260301313
1 0.47182843143948594 0.05594039527499744 0.029959206203268696 0.09709857193597014
6 0.37146406222083816 0.18381125424011135 0.05750633691165574 0.1642027023503635
6 0.2732894705640877 0.5929171922551524 0.0603413504818939 0.1854395707130292
4 0.5135738877111746 0.5957852352350761 0.04769674664844947 0.09571819452227315
4 0.5852745161210308 0.5218359508468914 0.06479706191578516 0.11938892185066363