3 0.8839045838325996 0.44382534426640596 0.10565143264496368 0.12831912096655146
5 0.7361058423867551 0.44594727390924693 0.06330722957178048 0.06564164327760663
5 0.8296000398835447 0.3903279389057572 0.05588254662319292 0.0632907085254929
5 0.7638232079455931 0.3790970618908721 0.07216778075990371 0.08170854320658627
5 0.7632624191746158 0.5306535210569617 0.0649465800866954 0.07075125616187333
0 0.6308844089907228 0.4495396376738141 0.05379088775165275 0.04753074102442262
0 0.5335622332793186 0.42590379094145053 0.06613337011479192 0.06520972857684715
6 0.3750971796210075 0.4964427132229196 0.08197511492345827 0.061452193657797305
6 0.43122251131103434 0.3644968602253339 0.066664621641077 0.057624984520105726
6 0.4479814591221611 0.4737968361581877 0.05574999953592896 0.06518712896110523
6 0.4698813436621011 0.40423310117763295 0.06100408044331673 0.0700131948856938
1 0.5984817592770187 0.3811846232672462 0.07804062326162398 0.04918896556505942
1 0.6901819282633599 0.3988929687362863 0.08388756759444549 0.051243798854280986