2 0.03831583573085268 0.3621131636497339 0.07663167146170537 0.11087398395380427
3 0.08653092019901758 0.4643923699864845 0.08353610211715543 0.09227680005993516
4 0.11587074591644295 0.5712873358610495 0.0759966310324054 0.05303206306524588
4 0.27758773793272945 0.5782425866547164 0.07561087090453641 0.039168925122468945
4 0.5179657050922468 0.5776106040218936 0.08744437640641506 0.06420682077516793
4 0.6015525782613392 0.5912303960224641 0.0830915917403392 0.05174614980146397
4 0.4560772581027954 0.5996753461059583 0.06501164434491635 0.05766658230346933
4 0.40767918449218765 0.5486189266892012 0.06615405105268368 0.048574134168709926
6 0.5827432599829874 0.5233319996237277 0.07649721470611148 0.10562191768643953
6 0.26228881547645666 0.3451239159779253 0.04993106538780284 0.08094503689653332
6 0.3953323834947312 0.3182286220896655 0.05257321050073899 0.05976405614950814
6 0.4384988112536005 0.5145928954866312 0.055068084489029 0.06591216568320035
0 0.12559981887105487 0.41259417756695926 0.04894052060483109 0.054032541733162354
0 0.3371549861131746 0.3934194740108995 0.06159749211142973 0.06928454285452734
6 0.26973075200571067 0.525439777671425 0.06624415353736926 0.07583247227179502
4 0.3603365653225294 0.559936550159831 0.0641611313117626 0.06230487669202778
1 0.38244353847397705 0.47301105966321394 0.062013947370341105 0.11353974659607136
5 0.4224463873306817 0.4542398869801173 0.054336142624323736 0.062091853034309585
5 0.3986631877349599 0.3732102498532016 0.062386778541136945 0.046210860713243096