3 0.35681540426692654 0.5890569015908491 0.08833787203859123 0.11025976968777229
2 0.3407412109194945 0.435952989612035 0.1012899434317977 0.14611686625624637
0 0.44647011667992065 0.3864200634101791 0.06022750471446936 0.07906466249861926
0 0.6398184084482115 0.5526963283055655 0.07182067918049617 0.06998892008110935
0 0.6165281561162492 0.702293532688766 0.050904896689521806 0.06391935436263663
0 0.9133291540000882 0.3693481765525603 0.06894230205680629 0.06462278597277593
1 0.6250332876139276 0.3885712571911989 0.03968380048514497 0.09237714594407598
1 0.4898580688613705 0.7175010568318655 0.03972201107235751 0.07710685161629782
1 0.372321609569382 0.7484426329479479 0.0348164619624981 0.08274774643677973
5 0.5289912238515861 0.3157520908060235 0.07044204094831269 0.09531386226755806
5 0.5501362383044095 0.4797879040708072 0.06824959696661093 0.08899526963790166
5 0.9253253845431861 0.5135012548544818 0.08656175654127973 0.08463361986933732
1 0.46524290228682386 0.5745535996279401 0.04704446851303484 0.1348283864244063