3 0.088254 0.574122 0.084585 0.133940
6 0.321107 0.214564 0.056390 0.145644
6 0.389650 0.436931 0.039862 0.124837
6 0.593336 0.214564 0.031112 0.124837
6 0.423193 0.131990 0.042779 0.131339
6 0.173326 0.416125 0.103058 0.065020
0 0.511667 0.176853 0.038890 0.080624
0 0.508264 0.421977 0.043751 0.058518
4 0.135894 0.700260 0.053473 0.079324
4 0.526737 0.476593 0.045696 0.066320
4 0.418818 0.542913 0.035973 0.071521
0 0.253050 0.368010 0.056390 0.075423
6 0.575349 0.405072 0.045696 0.066320
4 0.585071 0.460338 0.041807 0.059818
4 0.612294 0.294538 0.032084 0.061118