6 0.062714 0.200260 0.052660 0.041612
6 0.197462 0.201560 0.053693 0.049415
6 0.313624 0.215215 0.062986 0.048114
6 0.419461 0.226268 0.057823 0.041612
6 0.533558 0.230169 0.050595 0.033810
6 0.619260 0.241873 0.054725 0.049415
6 0.709092 0.252926 0.044400 0.032510
6 0.795310 0.260728 0.045432 0.042913
6 0.918700 0.274382 0.048530 0.031209
6 0.430303 0.439532 0.071246 0.039012
6 0.554725 0.446684 0.051628 0.042913
6 0.194365 0.314694 0.072279 0.033810
6 0.319820 0.320546 0.065051 0.045514
6 0.426173 0.330949 0.046465 0.035111
6 0.513939 0.340702 0.054725 0.041612
6 0.604804 0.345254 0.054725 0.040312
6 0.693087 0.356307 0.045432 0.039012
6 0.783436 0.366710 0.052660 0.041612
6 0.902179 0.374512 0.042335 0.036411
6 0.264578 0.424577 0.064018 0.042913
6 0.647655 0.451886 0.068148 0.042913
6 0.749878 0.472692 0.051628 0.037711
6 0.850035 0.490247 0.055758 0.036411
6 0.935221 0.509103 0.048530 0.042913
6 0.929025 0.615735 0.065051 0.053316
6 0.830933 0.598830 0.042335 0.042913
6 0.741617 0.596879 0.047497 0.044213
6 0.648688 0.585826 0.051628 0.042913
6 0.547497 0.585176 0.055758 0.036411
6 0.444242 0.570871 0.055758 0.041612
6 0.352861 0.569571 0.052660 0.044213
6 0.251155 0.566970 0.049563 0.044213
6 0.139639 0.561118 0.051628 0.040312
6 0.040514 0.556567 0.049563 0.044213
6 0.039482 0.721717 0.033042 0.088427
6 0.122602 0.719766 0.034074 0.071521
6 0.242378 0.725618 0.038204 0.088427
6 0.181458 0.717165 0.032009 0.068921
6 0.337373 0.669051 0.029944 0.053316
6 0.391066 0.707412 0.034074 0.062419
6 0.443210 0.717815 0.041302 0.057217
6 0.504130 0.714564 0.043367 0.074122
6 0.560921 0.721066 0.033042 0.068921
6 0.661078 0.721717 0.033042 0.062419
6 0.613064 0.724317 0.034074 0.067620
6 0.717352 0.731469 0.042335 0.089727
6 0.784468 0.743173 0.038204 0.087126
6 0.847970 0.742523 0.039237 0.083225
6 0.922830 0.739272 0.044400 0.074122
6 0.035351 0.896619 0.033042 0.079324
6 0.094207 0.894018 0.030977 0.071521
6 0.149965 0.884265 0.028911 0.062419
6 0.202625 0.896619 0.028911 0.079324
6 0.263029 0.894668 0.038204 0.062419
6 0.316206 0.881014 0.030977 0.071521
6 0.401391 0.885566 0.038204 0.046814
6 0.494321 0.865410 0.050595 0.042913
6 0.574344 0.851105 0.039237 0.048114
6 0.646622 0.856307 0.039237 0.055917
6 0.713738 0.851756 0.030977 0.059818
6 0.777240 0.853056 0.048530 0.046814
6 0.842291 0.878414 0.050595 0.042913
6 0.938318 0.858908 0.052660 0.050715
6 0.146867 0.434330 0.047497 0.036411
6 0.038965 0.426528 0.054725 0.039012
6 0.102984 0.313394 0.040270 0.033810
6 0.031221 0.317295 0.037172 0.033810