2 0.178187 0.439532 0.089447 0.153446
3 0.221452 0.585176 0.072918 0.130039
4 0.225827 0.741873 0.075835 0.074122
4 0.417359 0.743173 0.079724 0.053316
4 0.704171 0.728869 0.085558 0.089727
4 0.800424 0.744473 0.083613 0.071521
4 0.624933 0.765280 0.061251 0.081925
4 0.580210 0.691808 0.065140 0.067620
6 0.794104 0.644993 0.059307 0.150845
6 0.461110 0.402471 0.036945 0.113134
6 0.623475 0.356957 0.044723 0.081925
6 0.625420 0.639792 0.046668 0.093628
0 0.282217 0.507152 0.042779 0.075423
0 0.536459 0.468140 0.053473 0.096229
6 0.422220 0.665150 0.058335 0.107932
4 0.520903 0.711313 0.059307 0.088427
1 0.569516 0.581925 0.041807 0.162549
5 0.621531 0.552016 0.046668 0.087126
5 0.613753 0.435631 0.060279 0.062419