5 0.112013 0.164816 0.037338 0.062022
5 0.096185 0.275664 0.044643 0.059383
5 0.171672 0.277643 0.041396 0.058063
5 0.182630 0.168115 0.040584 0.060703
5 0.263799 0.173393 0.037338 0.058063
5 0.313718 0.177352 0.034903 0.050146
5 0.390016 0.185930 0.046266 0.051465
5 0.463068 0.188569 0.039773 0.048826
5 0.542208 0.205064 0.048701 0.060703
5 0.644075 0.224858 0.060877 0.052785
5 0.724026 0.232116 0.032468 0.048826
5 0.779627 0.242673 0.039773 0.043548
5 0.838068 0.249271 0.034903 0.046187
5 0.887581 0.257849 0.039773 0.044867
5 0.956575 0.284242 0.041396 0.047506
5 0.949269 0.397069 0.047890 0.051465
5 0.864854 0.387832 0.041396 0.046187
5 0.781250 0.374636 0.038149 0.048826
5 0.713474 0.358140 0.032468 0.084456
5 0.665990 0.346264 0.033279 0.071260
5 0.584821 0.330428 0.049513 0.055424
5 0.495130 0.318552 0.045455 0.058063
5 0.257711 0.290180 0.033279 0.062022
5 0.305601 0.303376 0.031656 0.062022
5 0.363636 0.290840 0.034091 0.079177
5 0.420455 0.300737 0.038961 0.072579
5 0.023133 0.172733 0.031656 0.040908
5 0.015422 0.282262 0.030844 0.046187
3 0.943994 0.642519 0.035714 0.062022
3 0.875000 0.616787 0.053571 0.065981
3 0.792208 0.604250 0.050325 0.067301
3 0.702516 0.598972 0.054383 0.062022
3 0.609984 0.587095 0.049513 0.104250
3 0.525568 0.588415 0.038149 0.083136
3 0.466721 0.577198 0.042208 0.084456
3 0.413555 0.573239 0.034903 0.087095
3 0.349432 0.558723 0.039773 0.092374
3 0.292208 0.544867 0.037338 0.091054
3 0.230925 0.548166 0.036526 0.087095
3 0.154627 0.529032 0.036526 0.075219
3 0.099432 0.525073 0.036526 0.080497
3 0.034903 0.517815 0.038961 0.081817
2 0.028409 0.792956 0.042208 0.085776
2 0.104302 0.790317 0.039773 0.091054
2 0.159091 0.777781 0.030844 0.065981
2 0.213474 0.780420 0.038961 0.089734
2 0.288555 0.776461 0.056006 0.068620
2 0.377029 0.786358 0.044643 0.067301
2 0.460227 0.796256 0.056818 0.068620
2 0.549513 0.783719 0.040584 0.085776
2 0.609172 0.793616 0.043019 0.089734
2 0.676136 0.794936 0.038961 0.087095
2 0.737419 0.797575 0.036526 0.081817
2 0.806412 0.800874 0.051136 0.064662
2 0.885146 0.818689 0.033279 0.079177
2 0.929383 0.851020 0.037338 0.080497
2 0.881899 0.946693 0.059253 0.071260
2 0.783279 0.946033 0.060065 0.072579
2 0.670860 0.951971 0.062500 0.063342
2 0.568182 0.949992 0.058442 0.075219
2 0.467532 0.938115 0.053571 0.064662
2 0.362013 0.937455 0.056818 0.065981
2 0.257305 0.932177 0.060065 0.065981
2 0.152597 0.923599 0.060065 0.067301
2 0.030844 0.924259 0.050325 0.063342