1 0.39861053600561847 0.14875640114814387 0.10834186921764194 0.09372648227272976
0 0.27782281533987424 0.17816660196011608 0.08157787224557703 0.06965118886705465
2 0.4511559536175951 0.2422158299764306 0.07602138508232298 0.09254412826163519
0 0.7431661405362082 0.3235601129734901 0.09465826522834642 0.08111600253041457
1 0.334051293043267 0.2871027139465579 0.09638843893159382 0.08941902427516102
1 0.6705267765400272 0.45702817295331005 0.10919912343723026 0.09201002137274916
0 0.37980247095079667 0.37998319508001044 0.09748407110017404 0.07310449285153758
2 0.19234143630991551 0.3382724173848688 0.09376854748463917 0.12290631757239834
0 0.2703661025605524 0.49794603684334465 0.07383125374114036 0.06162744987746438
2 0.13975128889768276 0.46287481367272565 0.06197294803549347 0.06418991191672191
2 0.02095845850403366 0.44757550234711724 0.04191691700806732 0.07678816234832408