1 0.4618187729906237 0.7627592994599768 0.06967798454299184 0.1301260075040097
0 0.3765598318550473 0.7432034096450766 0.052958192567639895 0.09693486694092568
2 0.5499831653065776 0.6292929854905767 0.034571046758123725 0.12168635807434403
0 0.8293792284352222 0.47287691030011114 0.061290925375211414 0.11281432460801066
1 0.4751944665406746 0.588455548362906 0.058763740534672926 0.12261400550090795
1 0.8337608820982194 0.30641197247611274 0.07154386230404797 0.12836697100512492
0 0.5574895937724142 0.45687325104142135 0.06870011005922694 0.10434595338355723
2 0.3831782570435926 0.5432445845765839 0.037958062605036536 0.16002962798505227
0 0.5241378628465589 0.31714007935300026 0.04868317344343587 0.08613068764955495
2 0.3997967688738734 0.3853489335375091 0.03420015299363205 0.08643343433096501
2 0.2851559574709607 0.4271000464730629 0.030903008353192873 0.10140930916004681