1 0.626537352914508 0.210554732003141 0.07257162184453414 0.09664815149702552
0 0.7178739739444695 0.2383607669842404 0.055045918149629 0.07185010338816608
2 0.5523307306981275 0.307367222110186 0.039247618426275666 0.0946234469847117
0 0.28206049608933403 0.3963991603901852 0.06374272859280816 0.08366782037521614
1 0.6355700776535926 0.3511080174598573 0.06193433557062822 0.09202493198742523
1 0.29942422168298327 0.5317958131797856 0.0742174932211428 0.09495212420475058
0 0.567225649226864 0.44719551876993024 0.07019413129069596 0.07572109707135727
2 0.7373205856378389 0.4008121453619279 0.04459180844218802 0.12548061546569883
0 0.6203517464666599 0.5659868964528607 0.05043334731094584 0.0636160166251224
2 0.7408161598784149 0.5275098490212602 0.0369005667094624 0.06587269410434982
2 0.8546666489467105 0.5093034180086468 0.03466548642461775 0.07856566176697438