0 0.7545947003436271 0.00596485087517106 0.04663238520076751 0.01192970175034212
0 0.717219726236552 0.035326928534984675 0.05696633147274155 0.07065385706996935
0 0.5327071543008063 0.41898620676422604 0.054599906293225864 0.0816353123490211
0 0.4622507829649968 0.5182947897140182 0.05067237107355921 0.07591888062841068
0 0.41495817679666225 0.5800207716234982 0.04611120973083421 0.06906091572579187
0 0.3587839595696358 0.6790682891679037 0.04427409662912174 0.06559749352725341
0 0.31593783160185507 0.7601485774045393 0.03394041980160206 0.04931281363170936
0 0.2706539908226262 0.6666701631778267 0.05325873429054706 0.07890799713945396
0 0.3205622892179188 0.593685228202532 0.04697436789101439 0.06961292290844312
0 0.3617382104922168 0.5339925255793483 0.05135595482108746 0.07637290343558345
0 0.40052107269973974 0.4697462234699379 0.04649923192710581 0.06908440695492701
0 0.44021887008134386 0.4065542713167511 0.05292572341813928 0.07854372923220687
0 0.48575036743061434 0.3434456443155435 0.047501181751286814 0.0703881568139218
0 0.5242834452794941 0.2844753137313918 0.051102751195028995 0.07559317622473105
0 0.5706177022704912 0.22403738427026745 0.054860837872040547 0.08148881333094599
0 0.6266073514142672 0.14707781135192294 0.05612706227828179 0.08320189499158623
0 0.6746060290370344 0.08781495089074653 0.05573025371627349 0.08261682257899366
0 0.2269753849103891 0.5957458870581029 0.044417134408925696 0.06540579742187658
0 0.2812179968338397 0.5203593469874206 0.03929097720527741 0.05772138385610953
0 0.3352160666631995 0.441888602769679 0.0492656039937977 0.07272540318827919
0 0.38749346927484385 0.37100373909088147 0.03952682671701152 0.05830214306473375
0 0.42652187011178 0.31261174226315847 0.04996722371076362 0.07321455644083358
0 0.46969786870377533 0.2471985244708893 0.044735060549435435 0.06571726585263313
0 0.20014701507284274 0.5108634258526668 0.04728042938772209 0.06937754784490674
0 0.2639845730085332 0.41091427125015256 0.04913044389081528 0.07196891037535252
0 0.3073717611127875 0.3484334749925063 0.042324761959395774 0.06197912031724878
0 0.35732918297512295 0.28436709602874854 0.048050778087837365 0.07035335799125808
0 0.4086774906349989 0.21808742820979587 0.04988148673632642 0.07274433077557876
0 0.5711507679102036 0.004352163699086447 0.037279432278964464 0.008704327398172894
0 0.6388951581318749 0.023525493964437098 0.04525092469551184 0.047050987928874195
0 0.6015964541620329 0.06336652296173881 0.04523306571042873 0.06601388025206134
0 0.5596389294277285 0.11734242202798384 0.04468149501811958 0.06549502474799583
0 0.51588253399824 0.18041514866473715 0.052686408069085866 0.07743970406100326
0 0.45697011802617044 0.14562209697763 0.04064828071377813 0.05946472639939386
0 0.49975676311510586 0.08546850933716474 0.042645898715971686 0.062465328234813815
0 0.5393306712829096 0.029486348979222823 0.0428681180653242 0.05897269795844565
1 0.42428935190747796 0.8625633679546655 0.05386615884661039 0.08047060364447134
1 0.48250395604531976 0.7738050882703045 0.0511814910384395 0.07652555265043692
1 0.5397722769293822 0.6849178993805292 0.0493657972826681 0.07391458045777044
1 0.5956995878554113 0.5996988970970696 0.0469189481943344 0.07033044421859691
1 0.6503823398852611 0.5195174841956043 0.04633021904933743 0.06910620207162116
1 0.7008293469102908 0.45447720394788016 0.046369892186220785 0.06958979304822704
1 0.76912458761049 0.3548216106140582 0.044885914490596424 0.0672400930910515
1 0.8124679308410627 0.28769802347231377 0.04523898124063985 0.06746944208232686
1 0.87416705048787 0.19906110942105026 0.05177089961310288 0.07736952665880811
1 0.923406161264163 0.20136640557389235 0.04320224334822176 0.06444488716367061
1 0.8781493377567495 0.2720458000156437 0.04529819381817246 0.06749757627418146
1 0.8319735454505366 0.33734998245321796 0.041458924655914164 0.06198172534898583
1 0.7758242319730164 0.420737158061528 0.04589736359462748 0.06863266900545667
1 0.7267587474636565 0.4942907551015986 0.04213920108311109 0.06300524453950529
1 0.9824409361640447 0.20539372012420876 0.03511812767191069 0.056627766004155144
1 0.46704391929526745 0.8761810287671847 0.05850841419329006 0.08795305624255201
1 0.5376009107159141 0.767997996162356 0.04101961399633092 0.06116167110475168
1 0.6077300966084007 0.6628028865365351 0.056535953900818225 0.08519741320078689
1 0.6746014114878665 0.5719349163040063 0.037318681575795654 0.05566455187945385
1 0.4720025787893172 0.9743742122710429 0.036681518526270995 0.051251575457914145
1 0.5131852366056953 0.9090934413151612 0.042641088576930275 0.06201083472562796
1 0.561135576314715 0.8377348597193974 0.04198896811477126 0.06127785742400793
1 0.6072223989676497 0.7654059948199688 0.04399862382496911 0.06422594580788865
1 0.6355561686845412 0.7202184859372689 0.04250485959401151 0.06175649299120467
1 0.6670841754226057 0.6699710356675611 0.04514921411236528 0.0656449502067209
1 0.7044588672658849 0.6120900992075226 0.046148377664886886 0.06714899303196575
1 0.7369562786873366 0.5649415285965531 0.0411660698599543 0.05979173267635807
1 0.7919836290040067 0.48601335126468337 0.043792508838601085 0.0644709195966533
1 0.8410810688597135 0.417112936502925 0.04050483454155174 0.06013915415520593
1 0.8883729321353011 0.35106345258979466 0.02947011749465067 0.04388363481633556
1 0.9216667006874071 0.2950179514532125 0.033482180094313585 0.04954312726837978
1 0.9479132658884711 0.2530197126124496 0.03519861553484649 0.05201502042627143