0 0.5907011557299087 0.5622138879000851 0.056083086663741955 0.1125470976970867
0 0.2116346842448064 0.6803879375729626 0.07805873035343397 0.08579222789740082
0 0.47333103068364885 0.26284372576401865 0.05389022265690968 0.08197879744902581
0 0.34999146703715844 0.30947614667287704 0.03216407399169402 0.05415136737105841
1 0.34349308077410323 0.6105062567165334 0.037815273007349104 0.1138239764695601
1 0.301464719234918 0.6486080907206732 0.043803856953163745 0.14000076086856583
1 0.30368275026958724 0.32607092374922214 0.03260142418202211 0.08277954287343303
6 0.42328186912110144 0.30026893045071623 0.0639695305790478 0.13652812417156507
6 0.5427974892731766 0.4849275717842869 0.06434022333787348 0.14934025976582926
4 0.27482274028154097 0.769402561560175 0.05225393306638021 0.07062978051961244
4 0.19229945286342018 0.8016936747701469 0.07154795037611134 0.08670628032800964
4 0.6323356309908057 0.7520897285579548 0.07695683797861108 0.08839077189485445