6 0.062714 0.20026 0.052660000000000005 0.04161200000000001
6 0.197462 0.20156000000000002 0.05369299999999999 0.049415000000000014
6 0.313624 0.215215 0.06298599999999999 0.04811399999999999
6 0.419461 0.22626800000000002 0.05782300000000001 0.04161200000000001
6 0.533558 0.230169 0.050594999999999946 0.03381000000000001
6 0.6192600000000001 0.241873 0.054725000000000024 0.04941499999999999
6 0.709092 0.252926 0.044399999999999995 0.03251000000000001
6 0.79531 0.260728 0.04543200000000003 0.04291299999999998
6 0.9187 0.274382 0.04852999999999996 0.031208999999999987
6 0.430303 0.4395319999999999 0.07124599999999998 0.03901199999999999
6 0.554725 0.446684 0.05162800000000001 0.04291299999999998
6 0.194365 0.314694 0.07227899999999998 0.03381000000000001
6 0.31982 0.320546 0.06505099999999997 0.045514
6 0.426173 0.330949 0.04646499999999998 0.035111
6 0.513939 0.340702 0.05472499999999997 0.04161199999999998
6 0.6048040000000001 0.345254 0.054725000000000024 0.040312000000000014
6 0.693087 0.35630699999999993 0.04543200000000003 0.03901199999999999
6 0.783436 0.36671 0.05266000000000004 0.04161199999999998
6 0.902179 0.37451200000000007 0.04233500000000001 0.03641100000000003
6 0.264578 0.424577 0.06401800000000002 0.04291299999999998
6 0.6476549999999999 0.451886 0.06814799999999999 0.04291299999999998
6 0.749878 0.472692 0.05162800000000001 0.037710999999999995
6 0.850035 0.490247 0.055757999999999974 0.03641099999999997
6 0.935221 0.509103 0.04852999999999996 0.04291299999999998
6 0.929025 0.6157350000000001 0.06505099999999997 0.05331600000000003
6 0.830933 0.59883 0.04233500000000001 0.04291299999999998
6 0.741617 0.5968789999999999 0.04749700000000001 0.04421299999999995
6 0.648688 0.585826 0.05162800000000001 0.04291299999999998
6 0.547497 0.585176 0.055757999999999974 0.03641099999999997
6 0.444242 0.570871 0.055757999999999974 0.04161199999999998
6 0.352861 0.569571 0.052659999999999985 0.04421300000000006
6 0.251155 0.56697 0.049563000000000024 0.04421300000000006
6 0.139639 0.561118 0.05162800000000001 0.040312000000000014
6 0.040514 0.556567 0.04956300000000001 0.04421300000000006
6 0.039482 0.721717 0.033042 0.08842700000000003
6 0.12260200000000002 0.719766 0.03407400000000001 0.07152099999999995
6 0.24237799999999998 0.725618 0.03820399999999999 0.08842700000000003
6 0.181458 0.717165 0.03200900000000001 0.06892100000000001
6 0.33737300000000003 0.6690510000000001 0.029944000000000026 0.05331600000000003
6 0.391066 0.707412 0.03407399999999999 0.062419
6 0.44321 0.7178149999999999 0.041302000000000005 0.05721699999999996
6 0.50413 0.714564 0.04336699999999999 0.07412200000000002
6 0.560921 0.721066 0.033042000000000016 0.06892100000000001
6 0.661078 0.721717 0.033042000000000016 0.062419
6 0.613064 0.724317 0.03407400000000005 0.06762000000000001
6 0.717352 0.7314689999999999 0.04233500000000001 0.089727
6 0.7844680000000002 0.743173 0.038204000000000016 0.08712600000000004
6 0.84797 0.742523 0.039236999999999966 0.083225
6 0.92283 0.739272 0.044399999999999995 0.07412200000000002
6 0.035351 0.896619 0.033042 0.07932400000000006
6 0.094207 0.894018 0.030977000000000005 0.07152100000000006
6 0.14996499999999996 0.884265 0.028910999999999992 0.062419
6 0.202625 0.896619 0.028910999999999992 0.07932400000000006
6 0.263029 0.894668 0.038204000000000016 0.062419
6 0.316206 0.881014 0.030976999999999977 0.07152100000000006
6 0.401391 0.8855660000000001 0.038204000000000016 0.04681400000000002
6 0.494321 0.86541 0.050594999999999946 0.04291299999999998
6 0.574344 0.851105 0.039236999999999966 0.04811399999999999
6 0.646622 0.856307 0.039236999999999966 0.055916999999999994
6 0.713738 0.851756 0.030977000000000032 0.05981800000000004
6 0.77724 0.853056 0.04852999999999996 0.04681400000000002
6 0.8422910000000001 0.878414 0.05059500000000006 0.04291299999999998
6 0.938318 0.858908 0.05266000000000004 0.050714999999999955
6 0.14686699999999997 0.43433 0.047496999999999984 0.03641099999999997
6 0.038965 0.426528 0.054724999999999996 0.03901199999999999
6 0.102984 0.313394 0.04027 0.03381000000000001
6 0.031221 0.317295 0.037172 0.03381000000000001