3 0.07139551250555634 0.4612443730962651 0.07425819976374337 0.16769365285937604
5 0.19740719338613696 0.46370329195871396 0.046421772351352864 0.08593652273094432
5 0.1374663228432521 0.3912689711659954 0.03983471969677335 0.08211843667497343
5 0.19763075389992957 0.37670415601049145 0.05109327341307984 0.10591246315188269
5 0.14331053158961793 0.5752849504282979 0.04740606179323299 0.0937441393390408
0 0.2865685014244182 0.46834347047423913 0.04107529799817278 0.062324523810811105
0 0.3785597042231728 0.4374091952927064 0.04846075492612689 0.085297619982316
6 0.49137610623080374 0.5301851923881158 0.06543397200178608 0.08145384695611035
6 0.48760785339335777 0.35729517436322766 0.050792739570166556 0.07491412064408476
6 0.43596290350434985 0.5002717656083655 0.03860910208647683 0.08599232574085103
6 0.44090126135190333 0.40906593685144804 0.042314263473304414 0.09140989042951775
1 0.3383426092927188 0.3791366345201004 0.06375401269773695 0.06392248194234268
1 0.25357230072710135 0.40223639289075214 0.06921502582649833 0.06669612299343763