4 0.1523177424113099 0.6126091367577374 0.057174536306595594 0.0926009390645417
4 0.22111924672159006 0.7931481487839496 0.040820080061047065 0.07832166429339626
4 0.263193628059505 0.7075959047406435 0.06660912660434162 0.10594398808630645
4 0.3319339620337429 0.611541471793781 0.06608830702665236 0.10854557138692411
4 0.2211912404269048 0.5169396141356868 0.07773359952952683 0.11968137056189981
4 0.27830109773000905 0.4483209024780421 0.07502260382374781 0.11871042917033875
4 0.33644884327146285 0.36595139410781874 0.08036055509410561 0.12650457044589358
4 0.40324517156397455 0.2784215037639575 0.06119726459675179 0.09522630827961798
4 0.45055904241788214 0.21732224917168902 0.06298357516112735 0.102983959634396
4 0.5122503269056421 0.16088544734141352 0.06663176789195946 0.10969191551897561
4 0.5589529820520136 0.0907689201181914 0.0548699609164246 0.09118091033160737
4 0.5890000399482551 0.05068244789562779 0.05370024716709909 0.08879689479449986
4 0.6427402403806394 0.02838068337547016 0.048643455823644155 0.05676136675094032
4 0.6736421033808132 0.008841404266155095 0.04306962299135342 0.01768280853231019
4 0.4221370426309051 0.5260224888462963 0.08230985658324536 0.1300229449547497
4 0.4912125128769741 0.4179532059190605 0.07276227658082984 0.11927351478434334
4 0.5641556596839344 0.31955122977756756 0.07146762631500825 0.11478430815100621
4 0.6274175549842635 0.2392914829641488 0.06513101606128546 0.10468587805025925
4 0.6846114225231057 0.15673799410688716 0.05482956014306761 0.09212536463926278
4 0.7308710585574097 0.11329792043300757 0.054847939030797654 0.08884811871550326
4 0.7655968137218514 0.05834178232381175 0.051557728749767384 0.08016592461276997
4 0.8074399480833794 0.03161755246417361 0.04751670088725268 0.06323510492834722
4 0.831384149238845 0.015953682409311797 0.047073713442067566 0.03190736481862359