5 0.09641084666377914 0.19354759834114268 0.026882233570129074 0.049856221482492136
5 0.0850128035009281 0.27872203004956403 0.032141200743162845 0.048421578780511676
5 0.13935761020964527 0.27439227210634365 0.02980357242775193 0.04717114729703642
5 0.14724958928722193 0.19059358866435278 0.029219068285546934 0.04910789170805932
5 0.20568490897299563 0.18832365055832473 0.026882123041364975 0.0468578167331227
5 0.24162265746814715 0.18746765697846535 0.025128888395231863 0.04067375081759525
5 0.29655113786684884 0.18807312540868915 0.03330941545549815 0.04255008606472785
5 0.34914291253292884 0.18443124159868401 0.028634878776051254 0.04005005767499928
5 0.40611719436533067 0.19081332267046458 0.035062686981777225 0.04973463004893866
5 0.47945308449045315 0.19793912711272726 0.04382825393032286 0.04467796666804441
5 0.5370114821278957 0.1972628155604741 0.023375837926480902 0.03948601633212348
5 0.5770396514974534 0.20096518621491982 0.02863473142297812 0.03605268958528671
5 0.6191125140121723 0.20144986705308746 0.025128777866467833 0.03767534606822581
5 0.6547578446291158 0.20412348707385589 0.028634768247287057 0.037051652925629786
5 0.7044275067362246 0.21878536232398121 0.02980327769368718 0.03917565375344123
5 0.6991645960190545 0.304800608098173 0.03447857114881814 0.04267548006073474
5 0.6383925153223179 0.3043227750207419 0.029803240869378023 0.03817669041309818
5 0.5782044030775488 0.3007839174089897 0.02746572308273132 0.039924663678992334
5 0.5294113314324792 0.29352362985319774 0.02337683265743906 0.06647090171227854
5 0.49522681758346077 0.2881955575175297 0.023960322170041237 0.05653934390877874
5 0.4367917926596703 0.2824692447157925 0.0356471174474457 0.045799201593059446
5 0.3722214694830933 0.280400103654424 0.032725741737595404 0.0474845550740019
5 0.20129875446913323 0.2772440129490509 0.023960064260285685 0.049542813705526656
5 0.23577552038925395 0.28354045749023027 0.02279162849042221 0.049417496922571524
5 0.277556628170431 0.26956508079697905 0.024545121046311014 0.062598093041351
5 0.3184616827360923 0.272673545602163 0.028050964074057327 0.05797703180904254
5 0.032423828822422084 0.20640634651332967 0.022791039022292767 0.03342650983538112
5 0.026869441180110518 0.28995507654052866 0.022206608556624333 0.03736193829126033
3 0.6953601472261091 0.491102942493586 0.0257130778768091 0.04973082748648533
3 0.6456904666649683 0.4769416849598872 0.038568861567897406 0.05410802570056833
3 0.5860869138686639 0.4738392333382181 0.03623202688039795 0.05485711283917133
3 0.5215156865633297 0.476767258284127 0.03915332888579337 0.05117231794920224
3 0.45490006087481777 0.47491672213854896 0.03564848058900527 0.08277826456166593
3 0.3941269655205599 0.4824344598177648 0.027466680961461987 0.06590982835463427
3 0.35176194303738906 0.4784828623769728 0.03038888712353288 0.06722295683611296
3 0.31348660307905407 0.4795895667357943 0.02512991995049918 0.06865759953809347
3 0.2673233565421566 0.4735468009588082 0.02863609456453753 0.07303175255389321
3 0.22612684350538576 0.4674712026902048 0.02688304409578665 0.07184401806842144
3 0.1820076822194061 0.47470159453638794 0.0262983557203626 0.06878291632104855
3 0.1270794965268508 0.4661013899267389 0.026298024161988787 0.05978845943711025
3 0.08734343187532242 0.4673647595675172 0.026298171515061974 0.06378582752682277
3 0.04088769378368056 0.4668502914360154 0.028051221983812876 0.06497356201229465
2 0.03620482937343572 0.675733648115501 0.030388923975760377 0.06822267754062594
2 0.09084205393244235 0.6678750339358231 0.028636057712310106 0.0720320318493799
2 0.13028629017389234 0.6541502908084821 0.022207161172526288 0.05235320467393745
2 0.16943781383098822 0.6519498974611941 0.028051443013422633 0.07096961414686331
2 0.22349049739556232 0.6431542595750064 0.040321948860957385 0.056294723526383095
2 0.28718472897602865 0.6438185452277285 0.03214142180069096 0.054418388279250496
2 0.34708064437219965 0.6448909643055398 0.04090652670761741 0.05635742052438675
2 0.4113600801196829 0.6285018451685549 0.029219768282440328 0.06809728354461908
2 0.4543097173017413 0.6313910249068302 0.03097289239980955 0.07128294471077712
2 0.5025186347890934 0.6272202508154046 0.028051369336885956 0.06897093010200728
2 0.5466376302958862 0.6244870874111906 0.026298208367289355 0.06478554823133598
2 0.596307217226009 0.6216584717304074 0.03681581112706489 0.052921048579266605
2 0.6529891732828534 0.6290716220057031 0.02396054319965113 0.06253539604334757
2 0.6848355245987541 0.6501422892194371 0.02688274936172197 0.06384852452482637
2 0.6506480081586659 0.7262679760123205 0.04265961402859586 0.058544875714371725
2 0.5796491753069386 0.7333828668215167 0.04324422869956501 0.05960653605271804
2 0.4987159344739734 0.7465603093257381 0.04499698443425115 0.052798776994594565
2 0.42479568906016807 0.7529895673585046 0.042075866634156245 0.061480660678789434
2 0.3523357247519693 0.7517658467668575 0.03856882474358814 0.05310906236022539
2 0.2763701399740015 0.7594134304199276 0.04090645303108076 0.05435873647953027
2 0.20098854204619682 0.7635008865505899 0.04324404449426422 0.05460944725849237
2 0.1256070362489607 0.7650890409199691 0.043244081346491686 0.055609167963005635
2 0.037954177226304786 0.774989821959311 0.036231916351633815 0.05185870808980164