2 0.44214563134433876 0.3511984304216602 0.11364612382857808 0.17282645236841565
3 0.45248277107402224 0.493487362706292 0.09522604329787437 0.15095395723621602
4 0.4236664878978924 0.6455522919270199 0.08874718971381851 0.10232167298440031
4 0.605670159769631 0.6785347577567666 0.08525362464302666 0.08128628483432643
4 0.8755268452899481 0.7115121020258908 0.09677508719289885 0.11736231119477702
4 0.9578267861620164 0.7420804066831238 0.08434642767596723 0.09895323647922316
4 0.7966441818069316 0.7344790892668355 0.07293238604903274 0.10263410356128011
4 0.7669836693787876 0.6551121122298151 0.072680827855228 0.08813136541185951
6 0.9633130556235492 0.6454971540796646 0.07337388875290152 0.16379330463488817
6 0.7058478230903206 0.3657434358527576 0.051660059904800715 0.11356515380297971
6 0.856739341860247 0.35248084850888195 0.053377426338320655 0.08646493843172437
6 0.8167014229105212 0.6125747823908201 0.06018614100885278 0.10528810633991814
0 0.5249001275693848 0.43042818120005627 0.05403025166405473 0.08534167899989531
0 0.7629723826629222 0.43773290985085256 0.06418670884418176 0.1052179401378931
6 0.6246060080769633 0.6034789861359077 0.07413435100722188 0.1250588118613698
4 0.7087466714598623 0.6645325599200715 0.0710500695191768 0.10708515251310768
1 0.7747740794620583 0.5491797622873131 0.06698573489592674 0.16694025957358855
5 0.8265060803161925 0.5290827340578755 0.057986299702285415 0.09669335228456144
5 0.8368197248479281 0.4209668202404679 0.06443785755316289 0.07578113971761002