3 0.021419454216124702 0.6734704566745215 0.042838908432249405 0.19795514034023354
5 0.14179398766440088 0.6039697476300703 0.05723408735418008 0.10696091596530666
5 0.05552412591869388 0.5785373690620268 0.04985890186451364 0.0999233232015092
5 0.12159053942899398 0.532071404970925 0.06439428795068963 0.1290045502117818
5 0.10596455829742649 0.72557929706578 0.058328560131268414 0.11332799945076022
0 0.2451684324575995 0.5571747510268017 0.04962120440835305 0.0823336146979291
0 0.34359890793351855 0.47947304846982286 0.06019225090550173 0.1082256531185673
6 0.49233079696246174 0.49223059100069855 0.0769306981203956 0.11407747952204295
6 0.4508754537760489 0.35116844862336394 0.06161910405104881 0.10064090118762242
6 0.42289077265496233 0.4988785156825839 0.04954456147399905 0.10185851935538176
6 0.40862622944861804 0.42073398148705865 0.05434993188116077 0.11004020951748927
1 0.2843460254417218 0.45404319066443677 0.07432464896102153 0.09891349991066428
1 0.1920837530090171 0.5214116100182236 0.08010945970996006 0.10466229899820473