2 0.8494101772857026 0.3962693911701653 0.10143335246235696 0.1815921287387221
3 0.8599619538343637 0.536301574322581 0.08403110947377324 0.15165193744590844
4 0.899522734386927 0.654215238835516 0.0708207646528668 0.11305180647902169
4 0.7717665737509911 0.803880755361408 0.06778060286170229 0.10086607017721672
4 0.5760502666277781 0.9750600858026025 0.08155528111622834 0.04987982839479499
4 0.6389221555038116 0.9637464584672057 0.06318178538105834 0.07250708306558862
4 0.6489144035318182 0.8927884160448611 0.06190431431601673 0.09999588338947873
6 0.49315515919244024 0.9732546202599517 0.08056858637498232 0.05349075948009652
6 0.6501247113544558 0.5888608215527035 0.05538645857287605 0.11136617436267415
6 0.5291840572611511 0.6816671312644909 0.05212681975040789 0.09459738134346118
6 0.604571417922977 0.8898776943051521 0.056600926722915945 0.10466032147950932
0 0.7981629587037791 0.5264615032295327 0.04906358844996994 0.08833619204384363
0 0.6175321519301967 0.6953576839835225 0.06185777757606781 0.1118449317576562
6 0.7473599600363175 0.7506346275410655 0.06828295756071334 0.12417278315701274
4 0.6938712686379203 0.8609939288970472 0.0636444778158155 0.11067292729999334
1 0.6262733844889753 0.8041807731935573 0.07203692584617705 0.15125456142354887
5 0.5833729115804425 0.8227099600087658 0.054837964855318444 0.0999085553872523
5 0.5570185265207417 0.7316146858762465 0.05724276506184567 0.09242057453464614