4 0.066558 0.399072 0.08116899999999999 0.07272699999999999
4 0.042614 0.616512 0.065747 0.08905399999999997
4 0.144075 0.589054 0.052760000000000015 0.07866399999999996
4 0.246753 0.579406 0.04707799999999998 0.08905399999999997
4 0.188312 0.389425 0.06818200000000002 0.080148
4 0.269075 0.39016699999999993 0.06087699999999999 0.08756999999999998
4 0.357143 0.38051899999999994 0.066558 0.09202199999999999
4 0.455763 0.375325 0.05276000000000003 0.06679000000000002
4 0.525568 0.372356 0.04626600000000003 0.08460099999999998
4 0.606737 0.387941 0.04788999999999999 0.09202199999999999
4 0.680601 0.37680900000000006 0.03814899999999999 0.07866400000000001
4 0.726055 0.37384 0.03814899999999999 0.07569599999999999
4 0.79099 0.399814 0.03327900000000006 0.071243
4 0.8352269999999999 0.402041 0.027596999999999983 0.06679000000000002
4 0.364854 0.600186 0.06736999999999999 0.09499100000000005
4 0.474432 0.580891 0.05276000000000003 0.09795900000000002
4 0.58401 0.573469 0.056006 0.08905399999999997
4 0.677354 0.571243 0.05113599999999996 0.08163299999999996
4 0.76664 0.560853 0.03652599999999995 0.08163299999999996
4 0.828734 0.571985 0.04220800000000002 0.07124299999999995
4 0.885552 0.561596 0.04545500000000002 0.056401000000000034
4 0.939529 0.576438 0.03652600000000006 0.062338000000000005
4 0.978084 0.573469 0.03246800000000005 0.07421200000000006