6 0.29108874869473056 0.0005277834261148051 0.03234333513086085 0.0010555668522296102
6 0.36332359330682173 0.07348871427682717 0.050352716858355684 0.08311986656123102
6 0.42913644557882036 0.179915369690299 0.05686892448008751 0.09240981824896366
6 0.4916016405916558 0.2791749253783277 0.052491798543873314 0.08482308851143061
6 0.564241276754829 0.38412614123666405 0.04616599871632754 0.07411350429568364
6 0.6171681405077576 0.4716877831975984 0.05582979061566218 0.09165808482683185
6 0.674625479478373 0.5651618854085012 0.043328508360640616 0.06990664476880115
6 0.732447878638542 0.6553064749765846 0.048972361896427286 0.0805545442232698
6 0.8155996150165616 0.7885800689039066 0.04521218071136712 0.0725621519362214
6 0.41795515671369476 0.43817562925034925 0.060308937501229676 0.09532265991612648
6 0.49567463619990126 0.5591813587270342 0.050724512456993553 0.08266570568172404
6 0.31977383729652514 0.14598744419342602 0.0556413747001584 0.08728694081767442
6 0.39374078290924613 0.2568512722491652 0.05724651474477904 0.09228303885089092
6 0.45653100248217215 0.3579051111986942 0.04287009576550643 0.06944508494930335
6 0.5095194393596262 0.4446548594018364 0.051606780706648536 0.083563890134152
6 0.5680161887991702 0.5329465736016141 0.052201685615215876 0.08424534937470707
6 0.6238577591042287 0.6260220365657697 0.046386774291771626 0.07570672776810272
6 0.6830621788329276 0.7233760629046504 0.053507707299961016 0.08666474446949912
6 0.7657935788179051 0.8511329262970309 0.04542364030807655 0.07398539870913778
6 0.32084086352279245 0.2799904212998843 0.05501018551832837 0.0883593081064187
6 0.5558190522433459 0.6526794470793456 0.06311119331467341 0.1005919524790384
6 0.6180571849637146 0.7699565827467499 0.051190395552793366 0.08247073910768732
6 0.6822760099225766 0.886700467927211 0.05507113388092666 0.08792407631798371
6 0.7302291701032225 0.9742139496804918 0.039985838254599226 0.051572100639016294
6 0.6254726218958842 0.9511995993603188 0.0482508391335581 0.079955283287371
6 0.5634031855242427 0.8562618980150067 0.05147253858940326 0.0847584418905808
6 0.5042019387539696 0.7534977477335698 0.05267869624351884 0.08600811220634774
6 0.43727899475609966 0.6533648898948186 0.05170069812882616 0.08293811986394906
6 0.37633472902524073 0.5445288379635179 0.05237063181744339 0.08491415050322648
6 0.3196530476173085 0.4590657278998962 0.05031994310303406 0.08240958759587197
6 0.2587903175309406 0.3658299657200722 0.04729656235723409 0.07789855569398868
6 0.19525323365066433 0.2647381243223137 0.045919179849439745 0.07489528873861068
6 0.12509192315613976 0.35739900444616357 0.04790360511825284 0.08488361222670826
6 0.19264352444298488 0.46802109951659554 0.058020666264004456 0.10356287463829245
6 0.1601065906541908 0.4074618653986971 0.04610112535377875 0.08183392538420725
6 0.27176522505844847 0.5150040065320755 0.03973903271339435 0.06938533146293396
6 0.2899252056576952 0.5924893989730864 0.04653602850801092 0.08145816523019789
6 0.3184587974568349 0.6496483671079385 0.049786214353167824 0.0851227500252385
6 0.3584324028691004 0.7063136777244989 0.05842496264007985 0.10162926524208582
6 0.39261670631632584 0.7670886163486104 0.0499527071558134 0.0883238665664291
6 0.4587433643728466 0.8688186867954528 0.04828320031848754 0.08463340408726527
6 0.4256283962197547 0.8218623575810997 0.05064848234884162 0.08916934933382736
6 0.49300816563584826 0.9347450747803959 0.06650250997834434 0.11768058658328262
6 0.5347439732200123 0.9792704531901919 0.0633244922523134 0.041459093619616305
6 0.04778100669993499 0.4600005223963589 0.03483276830828112 0.06648329124462898
6 0.07733392903486111 0.4947984861428466 0.042207603950247315 0.07507010916228501
6 0.10287201128753834 0.5514628294265032 0.04925082289004838 0.08917748364403166
6 0.139074012324617 0.6061143253870314 0.049040802295448715 0.0852892537963097
6 0.17614998315076041 0.6464345117638103 0.04834085138230476 0.08637861180777828
6 0.2262662157208012 0.7315868471813446 0.04410112715735118 0.0748421363742433
6 0.2924679299149916 0.8083679519672726 0.05180352867828325 0.08527341716352066
6 0.34963463928759897 0.8783629993215221 0.046802426711670564 0.07929055815985608
6 0.39513679871993973 0.9567609021162027 0.050709074027208145 0.08647819576759475
6 0.4421431637595463 0.9915181381867855 0.046925491485876825 0.01696372362642906
6 0.2470782356631731 0.18588527449579414 0.04147481151248042 0.06738166450700378
6 0.2663757277296963 0.06957274479557166 0.035857492903062976 0.05874308354001118