4 0.020508623840047306 0.654904458889202 0.04101724768009461 0.09526122926031277
4 0.03537076614056602 0.45499750294598856 0.06308465621115937 0.11459264085321308
4 0.11970336014883044 0.39217259270032445 0.0609124573385981 0.11860974517439188
4 0.0990730738730271 0.6001886282070987 0.07782619923293904 0.13386686969926964
4 0.16573988397453537 0.5427414696577662 0.07353136303200708 0.13383810824893755
4 0.24044261113460558 0.4891183750325435 0.07922592265192543 0.14318934054488675
4 0.3238285770076162 0.4234142383673307 0.06103876559604704 0.10809019491329858
4 0.3830677222564292 0.3761922911694752 0.0598075182883967 0.1178866576201717
4 0.44885136453139035 0.3041761800354617 0.06250213376331937 0.12548096854874635
4 0.5135845363704521 0.2605688308662039 0.05085967718905254 0.10476039846189955
4 0.5528826741472135 0.23022628014604718 0.050015360416106325 0.10214147589001796
4 0.603255287416192 0.1603752416245823 0.044422345370336624 0.09312248020650239
4 0.6406537035666007 0.12620690741729235 0.03839294531181614 0.08380726982544875
4 0.21264031517106752 0.2920319563965029 0.07826925278924057 0.14118386844508032
4 0.3053788868322349 0.231507495927988 0.06679609841731166 0.13092714641681485
4 0.39701773451108113 0.16024681346493747 0.06700393120993636 0.12630534282764994
4 0.47492595013137584 0.09562365612717856 0.060953745833679684 0.11553868476252713
4 0.5514574236506261 0.04575876292450523 0.04848703720107239 0.09151752584901046
4 0.601423299303544 0.017793987598152813 0.050700034145969686 0.035587975196305625