2 0.28453935379373674 0.4153167038852841 0.08810798392096614 0.15166932076341172
3 0.3345241410185336 0.2951235447134408 0.07233686553989827 0.1279984785516599
4 0.35422313492338164 0.15798896545360272 0.06892603818303272 0.07931368191243478
4 0.5091289635849134 0.19235887211317576 0.06992244235460138 0.061718546740586716
4 0.7394183437061044 0.2581325765884417 0.07839262024871774 0.09485416746792835
4 0.818807330815958 0.26224330593328754 0.07494292613671127 0.07846614760422002
4 0.6791441830205214 0.2113862028749715 0.05794600816829654 0.08347873168777717
4 0.6354259436598394 0.2677735018280085 0.05961300631459343 0.0716066522429461
6 0.8034387088437032 0.34864712929393593 0.06348438111076182 0.1437909362055098
6 0.5093387002523433 0.5004030764847761 0.04152428377085693 0.10644621736560461
6 0.6358465020141337 0.5705767526781756 0.04459018688696703 0.08041406865368184
6 0.6665933216358172 0.3219479414209856 0.04736908071937673 0.09107727212102151
0 0.3755782972834819 0.3750779754974871 0.042348596937266614 0.07432967125738826
0 0.5770000677034564 0.45656377840651585 0.053136313152050474 0.09462882270623357
6 0.5050087413401801 0.26194656327781346 0.05827235429070621 0.1058329035979716
4 0.5895135797148965 0.2396057219348242 0.05704581247292151 0.08884220641486931
1 0.6154497180639014 0.3625244088175787 0.0505504095080298 0.1508494795490315
5 0.6543964198540406 0.39849908982746485 0.04669838359221401 0.0853533360593286
5 0.6361058363647465 0.4995146248806289 0.05514847037553994 0.06612669283539807