5 0.6049672943027296 0.2562353882549534 0.03609110707509777 0.046554079948467914
5 0.6001313092871922 0.33796006066172257 0.04098308314797805 0.044732500595037805
5 0.5452850392361465 0.3407760047930087 0.038442614824630184 0.043697783914362076
5 0.553446846295368 0.259940688836266 0.03824338423940077 0.045636380532443344
5 0.49400972845665325 0.26529906961179245 0.03550983099939692 0.043625112753098744
5 0.4573511641178151 0.2691219923761878 0.03258761083350681 0.037724311908982955
5 0.40094987958951805 0.2768345652038052 0.04099349998335644 0.03890363108718031
5 0.34776652056031443 0.2800951875601046 0.035913432877191176 0.03683495545895654
5 0.2881488702237245 0.29371584983771126 0.044109674606433 0.04578174076309266
5 0.21162166823029385 0.31018419270823605 0.051746919363862776 0.04014185567238959
5 0.15277410771925581 0.3169856149006971 0.030633988361831954 0.03670413662380895
5 0.11104032333365864 0.3257916570013062 0.03513849599223315 0.032930159081801136
5 0.0678352999760387 0.3317195909745569 0.03200633475780602 0.034795344713613674
5 0.03079197867072555 0.33895249473996625 0.03533215680149032 0.03390598826358743
5 0.028132538682817496 0.4347101704827888 0.03669893342149218 0.034911622153259714
5 0.09049202351138716 0.4234502490381413 0.034739741173845054 0.036805872667953154
5 0.14189686961478323 0.4100323548400633 0.03586532621917497 0.06306410155712655
5 0.17795802444260542 0.40039584378831716 0.0345139603179222 0.05331589427661182
5 0.23894530969916553 0.3872263906084694 0.04392143674918342 0.04189074595643377
5 0.3055101626323631 0.37683403142871835 0.04137612136642932 0.04377047298374814
5 0.48126249656176995 0.3515919878376481 0.03315760053329875 0.046481390879081985
5 0.44471411117488957 0.36221233859393637 0.031984631546518705 0.04645232599620108
5 0.40461184048103505 0.35397719022099117 0.03626321149703243 0.05918763023784673
5 0.3620946911345392 0.36231675991145695 0.038814096655758634 0.05439347741066497
5 0.6680399373702448 0.26050090888941724 0.028884590358757234 0.030831660837568886
5 0.6575313227969325 0.3413951123450494 0.029072828216006652 0.03472265564422772
3 0.005692948090515583 0.6042785003470514 0.011385896181031165 0.0497737496970132
3 0.048859657581132775 0.5935206649762963 0.046252110827959006 0.05069218893804306
3 0.11445648871271653 0.5880096532723696 0.04840981094426941 0.046859323897145755
3 0.18307472623416815 0.5775656772914801 0.05109026364288627 0.07801344165764523
3 0.24388976024482928 0.5770305142260163 0.039777271397966274 0.062189268594479374
3 0.28806638642059745 0.5676780578562497 0.042904585572987375 0.06323852667065666
3 0.32707161144956165 0.5637969874179702 0.038012609500107264 0.06506010602408685
3 0.3755456624871623 0.5519093651017144 0.04230732288593597 0.0690528547830126
3 0.41893678811862956 0.540633575426251 0.04035370041426117 0.06803267949783864
3 0.46274265517983526 0.5419767946446647 0.039185578486887085 0.06508917090696775
3 0.5206938134780486 0.5264546290627362 0.03744189708374912 0.056303009145865335
3 0.5611654304196292 0.522537223043825 0.03821683396870712 0.060207805523020685
3 0.6088672560482757 0.5160119799171609 0.040170456440381974 0.06122798080819475
2 0.5731632849949827 0.7194518763100026 0.04309839320620901 0.0642150956774481
2 0.5187016250864477 0.71885857926528 0.04211351525271417 0.06807628577622127
2 0.48094529236615313 0.7105653011265729 0.03197906177054638 0.04936675179606864
2 0.4412543289094673 0.7134915967431912 0.04133286176781936 0.06708517537392811
2 0.387573322485827 0.7119071892961752 0.050551524449229335 0.051769754163973336
2 0.32217858023944124 0.7208136406056143 0.04214563529937976 0.05059043498577609
2 0.2605967437718334 0.7296263484855425 0.05113837030090243 0.05178429555947528
2 0.19790900449475773 0.7219501070250596 0.0419247015028629 0.06418601288644477
2 0.1533393401005383 0.7303405357835364 0.04426564559305238 0.0671578465351913
2 0.10474954033500782 0.7325163043080318 0.040945393325340224 0.06513277718535038
2 0.060071832572233086 0.7355661659701693 0.03841064160192903 0.06118437452981229
2 0.016475229514255646 0.7392423837604783 0.03295045902851129 0.04875431423684451
2 0.016082006126659328 0.8462203730836311 0.032164012253318656 0.05477141042872857
2 0.0855060916627613 0.8486002407364663 0.05446990894452351 0.047981253134586566
2 0.1600037478626275 0.8452973568452212 0.05328095334639299 0.05669548355943088
2 0.2344889984676775 0.8347080027255599 0.048210580359039995 0.04879792051522691
2 0.310846231622576 0.8323300710399677 0.05075090185842335 0.04983189737089755
2 0.3872953747107146 0.8265501509679949 0.053097562548549526 0.04989004504478167
2 0.46422903688190786 0.8183288083790432 0.05329137018177138 0.05086661405157311
2 0.5521250431376491 0.8166367252389439 0.04567083475225786 0.04776322174267389