0 0.5738991820036121 0.39123733239693986 0.05877319512391044 0.09105178590423602
0 0.27514234605122884 0.6955731044814584 0.059894902145888884 0.0914298810110411
0 0.23977004976292016 0.5542560354332979 0.06801064187527509 0.0888947695862582
4 0.2160649809345984 0.5009215715998199 0.08221542662126374 0.10310933915465703
4 0.306029757742992 0.4223247049572688 0.07632065559901885 0.10036599760393827
4 0.4469503331411039 0.2992107923273697 0.060993945820936424 0.08577267984252951
6 0.5182501054186461 0.5128013294549575 0.04785821970837262 0.09414935149111892
6 0.48429531090178546 0.3757306269108075 0.04731477966540426 0.09848725519771495
6 0.33687179343011386 0.4875232059484301 0.03952460171699479 0.07664154254799799
6 0.18801265375504905 0.7173938996215876 0.03854996015410603 0.07819662503277369
4 0.16981322209046734 0.6696715322026762 0.07688769990962133 0.10206467482278359
6 0.38480660875651096 0.6419982339366527 0.036122771873611736 0.06645078540733707