0 0.3809001754347488 0.618967511052277 0.06777846799868392 0.07987963481054261
0 0.669779155623293 0.7923191506083043 0.06873661674985232 0.0795523157121738
0 0.7279766942113726 0.6401285101477217 0.0743687089599091 0.07000545022042637
4 0.7613810426704745 0.5784258789758852 0.08882778787988022 0.07869933678493257
4 0.6726254582415856 0.538931337859754 0.08360594546553812 0.0793892659838974
4 0.53359895841318 0.4770671988420681 0.06818838858559129 0.07102197272020094
6 0.42593187636179486 0.7144378389578225 0.060126830031483725 0.09229448809577356
6 0.48198889928398414 0.5669663342266518 0.06077797724174405 0.09861075569344135
6 0.6297313191434758 0.6151270302895279 0.049382174207476925 0.07470660528335826
6 0.7630842389058411 0.7776888763844731 0.04901433111512499 0.07755647153905698
4 0.789646887341639 0.7237189522879298 0.0844622175736558 0.08127706543517399
6 0.5558749970520962 0.785305132536251 0.044245199976385874 0.06338126017081747