3 0.46526136294392295 0.6967495737133501 0.10728008693903074 0.13018975697915502
2 0.4096691780296081 0.5507829374854052 0.12834217876926624 0.16745106803670123
0 0.4945846854586291 0.4685327436739327 0.07419583927832579 0.09235268842727096
0 0.7181210524826438 0.5715193701416107 0.08189818105802393 0.08770758068966567
0 0.7362659657264641 0.7264559967595856 0.061923821561586934 0.07537461339269313
0 0.9231193088945058 0.30427822658459736 0.07792230356012098 0.08182876455454363
1 0.66079620618411 0.4142729626218746 0.05979665949342616 0.09802740560769696
1 0.6228042394819533 0.7814552929416816 0.05569461156693689 0.08394655437378074
1 0.5219958133174434 0.849092779036262 0.05292306959216181 0.08757386390618849
5 0.5523562178006984 0.37276007181388143 0.08754850106050971 0.11063660668793251
5 0.6155569530682168 0.5279102626977299 0.08391582820520893 0.10409950710219629
5 0.9615793259406511 0.4427021987268407 0.0768413481186978 0.1059674540074717
1 0.5619878996773233 0.6482051837081483 0.07774428794638899 0.13957506466330916