4 0.28978368785512665 0.05487917780431424 0.07461636624503976 0.08061805228551933
4 0.25609360423704525 0.20505027302983903 0.06223573371323199 0.08725110434042627
4 0.34558274484497253 0.21963295149289322 0.05037141934345757 0.07525974859821788
4 0.4350643417611213 0.24759887613398013 0.04607064995171328 0.08088897473616496
4 0.3957827214485622 0.08934666001834402 0.06381342916521349 0.08159593459396647
4 0.46566944168185936 0.11740983533720464 0.057930472718491055 0.08451088982596568
4 0.5425005552429388 0.1403968798284036 0.0631148275112412 0.08968865719834475
4 0.6282029988196569 0.17022311551217117 0.04966383448349221 0.06661358989778102
4 0.6888225662128606 0.19184976267225767 0.04510219747447941 0.07736976513574839
4 0.7581763222041293 0.23085935947012592 0.0469506096281177 0.0833268683798569
4 0.8227969322483419 0.24792529503762045 0.03772007010999301 0.07028052766255652
4 0.8623314948380348 0.261253467828787 0.037543203690557414 0.06811935206689407
4 0.9170094889011604 0.30229559112442095 0.03306101668526973 0.06321723379787764
4 0.9551806420675597 0.31899254123951304 0.027875736423012443 0.05803839748083173
4 0.5360871428218192 0.3029771585676592 0.06399484677875733 0.0921272790009301
4 0.6321181761196908 0.32626995620065224 0.051521229843123684 0.08930957444670468
4 0.7274416841487082 0.35820818437518864 0.05380121226479062 0.08393151012139416
4 0.8083988868924831 0.3883976099139747 0.049142158840066896 0.07686821625671514
4 0.8863288569438748 0.4112594375783021 0.036491675484997654 0.07188933610682718
4 0.9394313417654057 0.4405260541955072 0.04079244487674183 0.0662601099688801
4 0.9839440810571304 0.45232397752683473 0.032111837885739236 0.056559307079124765