3 0.5194259799466648 0.37970073277565397 0.07815594646071072 0.1283767247924772
2 0.5157486771084367 0.21425070605014246 0.08828101720058806 0.16820570787292954
0 0.4090639562902637 0.19660751552145347 0.05302197444060747 0.0916765182138422
0 0.24578317164201174 0.4331903160819075 0.064874229203332 0.0834052394662419
0 0.286462151726527 0.5822361311773919 0.04501166305883947 0.07438480683264403
1 0.23951482297142013 0.25662169771182 0.032206858248686104 0.10337836785276219
1 0.4088104953306775 0.5571775651303964 0.033278516811706516 0.08709248500907263
1 0.5244215362308333 0.5515420561032528 0.028141344345930963 0.09251327811327514
5 0.3218322450667053 0.1493353855899898 0.06182204469203767 0.11025441765991657
5 0.3220412073893658 0.32786791258500403 0.060125003444193414 0.10324685778058434
5 0.004246636808432728 0.48452309315125097 0.008493273616865455 0.10082229677154753
1 0.4145137720319113 0.3995951803699582 0.03646536731553662 0.1495616165162788