6 0.4075178605911888 0.9557507877076834 0.072066934088516 0.0642949446223744
6 0.5008206866722862 0.8791256176251685 0.079081972755975 0.06862919042514348
6 0.5864641212374084 0.810123132550087 0.07089572028368574 0.06105199797582894
6 0.6824725201307971 0.7403226182052745 0.06032491294589615 0.051434899873837314
6 0.7503070057783554 0.683032441470505 0.07090215511277476 0.06355747882940488
6 0.822026729871804 0.6236922651481982 0.05371971344024851 0.04659162322105381
6 0.8920315411014763 0.568391538655744 0.05901126560028358 0.05349033363403333
6 0.9815087345908653 0.4878977522629071 0.03698253081826952 0.0477615379030078
6 0.49145060549239966 0.6823772780022856 0.08340673822922529 0.0691002042506248
6 0.5969900333552165 0.6031751664598803 0.06714756024587032 0.059458026594461866
6 0.3479206214644536 0.8954778999779628 0.0817748124652301 0.066073545759044
6 0.4542339071355398 0.8168342043074684 0.08059554215290687 0.0690826739571726
6 0.5415456578860299 0.7472205968994665 0.05846970554589315 0.05080632017796516
6 0.6129048443518273 0.6891785886552684 0.06861685574874832 0.0597672537624957
6 0.6893889931608173 0.6323352683781928 0.06756822957263886 0.05863582035111614
6 0.760481460599846 0.5733248964310949 0.05839185691956361 0.05204655830877891
6 0.8335964761045612 0.5135104449862803 0.06561836958423428 0.057772784538377364
6 0.9323010868069593 0.4384461082344655 0.053650853742530424 0.048018480180386125
6 0.35330859301455225 0.7912201325408953 0.07966839366913248 0.06787082183440463
6 0.6756945529617121 0.5442506150819878 0.0814436191798833 0.06907521297570729
6 0.7550419773618825 0.4704781174533622 0.06386621267454684 0.055550232028399205
6 0.8341491714851514 0.3998611102245522 0.0665904644222931 0.056972400402493406
6 0.8996546229193081 0.33735543997767026 0.06288478809535147 0.05669135486558674
6 0.8446587631932574 0.2749866276105271 0.08347754179591138 0.07437261696644362
6 0.7662333191871512 0.34475136757253955 0.058562626638330784 0.05403608192906928
6 0.6882784157492021 0.40002113410905504 0.06429518002800494 0.05834253836884412
6 0.6114399558308787 0.4631572570629541 0.06780183876464407 0.0602398902832601
6 0.5220133207338052 0.5250885289904262 0.06882299467535852 0.058714992403323396
6 0.437453657681735 0.5966089966009827 0.07187459029739496 0.06252642774815709
6 0.3567119990198476 0.6532053155172626 0.07089509987573722 0.06276853928128512
6 0.2672281396173106 0.7170394398394191 0.06862162499059651 0.06125027294566776
6 0.17047116630607706 0.788963259791802 0.06898315310999079 0.06016100213265507
6 0.06799676313110756 0.7061202659308901 0.07157670379597628 0.07334262268043978
6 0.1738962979706477 0.6279703442913664 0.08374089226726558 0.08747935661458961
6 0.12313002014162511 0.6709955103645595 0.0677216210267964 0.06980635961458403
6 0.29057015739550107 0.6032955485545188 0.055843453838086754 0.05611453194725269
6 0.3186828002205917 0.5468675845846782 0.06446105429274629 0.06522609202286167
6 0.36033624558529753 0.5082933035760748 0.06810612906425245 0.06587086019814026
6 0.4169959110307622 0.47268239381857047 0.0783468292088163 0.07866513952763815
6 0.46486143935579216 0.4336660821633791 0.06579280064540466 0.06842261992629262
6 0.5546560840157493 0.37169440604840764 0.06175186301492008 0.06339866914185627
6 0.5101506108391942 0.39956331062618267 0.06570893272407996 0.06790877096652237
6 0.6001986727661373 0.3310085278130155 0.08361494285673887 0.087714944066207
6 0.6546189911512971 0.2824626289955829 0.07803986503084559 0.08310220059133344
6 0.7118592910909376 0.2440170991149966 0.07646446520323791 0.08064359220282019
6 0.7803887076673596 0.2004032289954689 0.07605577813523201 0.07712266708894483
6 0.01584103273500376 0.5889170140519941 0.03168206547000752 0.06514350686782533
6 0.04193229541430524 0.5479283899126257 0.07247170857057578 0.07766699697636625
6 0.09910712696511217 0.5110583961384522 0.07112077889842668 0.07053477065603958
6 0.15594665766627325 0.4861094071195414 0.06886286523940363 0.07226885205279726
6 0.23209405350541945 0.4297733927785971 0.06143077396935073 0.05826394686898473
6 0.32847252073887523 0.384394050400513 0.0701659926518759 0.06261892732413599
6 0.40933320597315515 0.3435955694882311 0.061775985452602766 0.05881835319765427
6 0.4725629586447234 0.2953235802827444 0.06545288106922725 0.06410766421072855
6 0.536050414264382 0.25659886497001216 0.059330959715270803 0.061377505146327865
6 0.5931050453741893 0.21647883586300937 0.06850846588675719 0.06282648622022471
6 0.6393917818789924 0.1597158845489823 0.06828672395252733 0.06132970756517053
6 0.7361184675382642 0.11325136979529687 0.07330891492360603 0.06743667022002042
6 0.24437694420468936 0.8571467028004517 0.0620786765015664 0.053909123762490685
6 0.17517315789432147 0.9125113983179578 0.025972409054765194 0.030857058868218434
6 0.2688006429031799 0.9512272880482553 0.05354859386374941 0.04707022897457602
6 0.2200099034578761 0.981745787358151 0.018933194202384096 0.024066086336050896