0 0.21638821285858179 0.8508824011604964 0.03136658427204678 0.05038574999556222
0 0.22472435782072575 0.7306972071334197 0.04288571203944794 0.06662112924093366
0 0.19372959498787395 0.6102247894918507 0.026264024147633652 0.05571381473959891
0 0.24212030893554623 0.6282990899907417 0.04008063830754066 0.06312354605232906
0 0.29400232525351033 0.6477210615692914 0.0521239865712006 0.07512269311256692
0 0.6252538183217451 0.6388554723997859 0.06719631320764408 0.05573828398410907
0 0.7315921785644917 0.6740986295890662 0.06567805163866614 0.05057279702536688
0 0.801966999089441 0.7020948369118305 0.06071686658551667 0.04706390686811601
0 0.8991943099941859 0.715438884040243 0.05448198506161128 0.056033406413539266
0 0.9722266081528668 0.721078953370847 0.026374929919091405 0.05705277541119402
0 0.9597599172881311 0.8710097620112197 0.03719033316450604 0.0656807746904362
0 0.8934782617010075 0.8482535468975985 0.05890574564427953 0.06181824116157786
0 0.8272854549928521 0.8271250488854034 0.06518355284370891 0.06294585807287334
0 0.7617789767959553 0.8138898243470292 0.057572599415006365 0.057526028334885626
0 0.6968614253290473 0.7985311086144179 0.06361188566055065 0.06618717613437908
0 0.6276938579286339 0.7735892521101959 0.05477731380971074 0.06015133828486163
0 0.5672803893043277 0.7571948719810047 0.056494374881472686 0.06595111030018752
0 0.5006300000906088 0.7295223524122514 0.061556511557771754 0.0650473063709377
0 0.41945011616189537 0.699660508546712 0.05954544767743919 0.06782764462360968
0 0.35422236136646434 0.6693195334571559 0.057440037387141984 0.06631188839604185
0 0.288442714534913 0.7582369457552525 0.0431026087697573 0.06330840426353823
0 0.27286025515209256 0.8781034473214604 0.03751000081342315 0.05731197070411431
0 0.32540608842598395 0.9035486334905989 0.035461386176145415 0.060325130390131654
0 0.9636170435423033 0.9878039479910126 0.016670140079007134 0.02439210401797498
0 0.8944668721379186 0.9731535964475044 0.04639637296338184 0.053692807104991136
0 0.8064981123607555 0.9480313504175247 0.05923814767637281 0.07060647535979059
0 0.7251556085624202 0.9161822169597564 0.045987302912517625 0.056579186875558296
0 0.6627647846610587 0.897371575448591 0.052987361493337715 0.07803707087553158
0 0.5940304502014426 0.8772823614210217 0.047187371157788705 0.06656477623517387
0 0.6313079302965712 0.9815944008503925 0.05019117183731037 0.036811198299214865
0 0.38025094337597076 0.9205231257340669 0.03301244401282688 0.06005623636499291
0 0.3446579574817449 0.783189074912862 0.03934205230500959 0.06873534475436205
0 0.3975033929559762 0.8051078344043567 0.03965861993496966 0.07100030451298123
0 0.456922986715063 0.8313045246998327 0.04291145401251428 0.06690346325790797
0 0.5231703174151474 0.853661133371344 0.054039493387806614 0.07678499927986604
0 0.5542502219106048 0.9744115427040398 0.04072463262147852 0.05117691459192031
0 0.48902299637516444 0.9574185328463174 0.041919495032583576 0.066898648233786
0 0.42836282094268024 0.9370460241281504 0.03961014088639381 0.06864266103057626
1 0.9913398008062893 0.41333549330654673 0.01682928326387756 0.03771446430107278
1 0.9257779711342957 0.4682510612679018 0.06871634992098641 0.0521027476195739
1 0.8338882410999283 0.446200464479894 0.06429985336532695 0.047908308473557426
1 0.7442651859051864 0.42604392258815205 0.06141289815193929 0.04416236012439273
1 0.6589232303730944 0.4055114620719208 0.057594084167583715 0.04029858632453015
1 0.5781950226765312 0.38347405998923356 0.05288867674429576 0.04389942885072767
1 0.5089903348979347 0.3569338821365521 0.054733744315913324 0.03740924895452097
1 0.4115838233089903 0.3299872326727904 0.05035589931993023 0.03716675067992303
1 0.3489393470653117 0.3159311651906953 0.04730286625581326 0.04105526813833077
1 0.26429996799589917 0.2913514551059449 0.05366776889010422 0.04410161593088191
1 0.23179201375822023 0.221240659326861 0.04284250817903687 0.03694483322482475
1 0.2955092789181147 0.23468021026545827 0.045431747473324124 0.04011990525122511
1 0.35812707273578903 0.2532888742974469 0.0442406780816495 0.034480544099580235
1 0.43728918342554646 0.27349839836576684 0.05050443112199371 0.0385384304847296
1 0.5077576927019569 0.29088392438496014 0.04747016258281145 0.035945241776118186
1 0.20843542733159165 0.14048909380125252 0.009125005346249021 0.017053134201946457
1 0.894279739491399 0.3927945878942112 0.07701629714583513 0.04667472330060046
1 0.7842645330323572 0.3675669153234676 0.04921045036975624 0.03924710747277527
1 0.6783696002998512 0.3414107449312037 0.07217696405792917 0.04065916631602162
1 0.58348338445281 0.3100248172981077 0.042196557471850915 0.03410921818440282
1 0.9896498159260491 0.3090407678974125 0.020700368147901882 0.06895078538208305
1 0.9392462309596545 0.3038377093996303 0.0488879017534154 0.07630384482846547
1 0.8684994093279905 0.29276708003376745 0.043570217553891344 0.07587784289613375
1 0.7957728161882304 0.2755585617100217 0.04305093950685035 0.06990995020700788
1 0.7251550827322757 0.2626169598993646 0.04359845214572711 0.06929582306646931
1 0.6818572634003996 0.25530044187682516 0.03926006658222547 0.0692968129465541
1 0.6340420788799184 0.24594280242737307 0.04092049966155964 0.07272394644320807
1 0.5785979154089747 0.233958439211781 0.04075642564738391 0.07323718834376089
1 0.5321222122077669 0.22150950250072712 0.034826451831599825 0.06732114766354497
1 0.45497054695835404 0.20137782220600023 0.04145762948764098 0.05600445608191634
1 0.3877097915700489 0.1826182455579019 0.04085085441135006 0.04262154572170007
1 0.32342385073057667 0.16457361170371057 0.029944738041251695 0.027761405129979433
1 0.2751586152725085 0.15877938226132615 0.030139689792665958 0.033345429709208924
1 0.23835755339711057 0.15271879515733086 0.03025200705720707 0.034367034482941594