5 0.6752337009449066 0.4986768979049054 0.035827458764483566 0.07403418188826627
5 0.6594862769532821 0.5981162182378482 0.03950446473102687 0.07662825554146391
5 0.6148916595544762 0.5509541986031912 0.03730771563936852 0.07346870645087578
5 0.6331895227438564 0.4557226751765309 0.037428334970589616 0.07506907478518621
5 0.5845276486141376 0.4075460334987224 0.03493441391724916 0.07084776397639153
5 0.5544397174518532 0.37849124209966123 0.03172445179381256 0.0629030383480858
5 0.5078822321547791 0.33611665458168605 0.038667578756371 0.07130366753340855
5 0.46456283435485113 0.29105853340017035 0.034274890991568274 0.06498602007696253
5 0.4145573549479179 0.25322041290087705 0.04217552326000379 0.08031160560465112
5 0.350515932793925 0.2033588077469034 0.047510508422244135 0.08180288894534685
5 0.3021197648776609 0.15756244771679223 0.03000259698464819 0.060267936100593084
5 0.26722041054065804 0.1301482483921028 0.03308431491081504 0.06073799943061868
5 0.23155314075251116 0.09771335894569728 0.030831406946578294 0.05971662043621098
5 0.20066073348081082 0.07263841267441029 0.03338184614433401 0.06179960216508771
5 0.15435636831959637 0.04931974143862798 0.03492633790452335 0.06497186030395408
5 0.13317848410553826 0.14484775992987511 0.039617367321359065 0.07235256121959942
5 0.18463181052211664 0.19193447932719765 0.03462880667100429 0.06391025756948507
5 0.2365038723486107 0.23531097984004629 0.03332510242658024 0.06393712639077176
5 0.2798633967546676 0.26580862316375564 0.0380397750364182 0.08894489245323298
5 0.31031309403577545 0.28691868893451117 0.0355374186985149 0.07884783695573835
5 0.36135657147367795 0.3265976796111641 0.041459615888405965 0.07658722694716869
5 0.4164908290764935 0.3749680014244421 0.03968160220666339 0.07609029479585644
5 0.5617441525557657 0.5054746044914351 0.0334535721971887 0.07141259354328583
5 0.5307592513265533 0.48516472288783485 0.032504368477376144 0.07036434572759115
5 0.49964554893905755 0.43759197595218813 0.03779817710213895 0.08574431476834965
5 0.4641827315817424 0.40885990256850413 0.03915804021914132 0.0835792758508826
5 0.7254288760209091 0.5624538985964909 0.027741613007685628 0.05337065343374803
5 0.7052317949733895 0.6555890853754998 0.028457520379283507 0.057095032091230125
3 0.08089656646440614 0.3458061985008766 0.03487767019949545 0.0729852882020755
3 0.12705182764885325 0.36965687838524414 0.046214295345370526 0.08770501556857457
3 0.17830034236276296 0.4130393309951151 0.04461364471260287 0.08667092752588879
3 0.23194685192314293 0.4667207269139362 0.045796144780630266 0.0850430444997951
3 0.28874288024285055 0.5169251619533178 0.05247345971539796 0.11588503976990228
3 0.3378154137697592 0.5725093733680584 0.04106452367149255 0.09155167515470874
3 0.3747620539498161 0.6014888645297852 0.04373616704564498 0.09523567108839237
3 0.40674897739690125 0.6326407974307318 0.04005916107910179 0.09264159743519507
3 0.447525427166624 0.6623726872140623 0.044098158737806814 0.10003581225335212
3 0.4841181516672449 0.6881799202369229 0.04237630392864261 0.09740071000585959
3 0.5192150521127045 0.7304160159867326 0.04100836479891412 0.09368984525088919
3 0.5681536895712851 0.7642945622120199 0.03832945583054992 0.08413139636949851
3 0.60132726387943 0.7967569663502083 0.039520031911303266 0.0883794170158424
3 0.64070394949936 0.8325927115844851 0.04124188672046747 0.09101451926333515
2 0.5386470932701668 0.9788038155539076 0.04380040193094914 0.042392368892184784
2 0.5094317983222962 0.9616180821358818 0.032922519042116405 0.07302631679637073
2 0.47703087510350317 0.928617717252086 0.04302775084159749 0.09738655023285103
2 0.4340131593301263 0.8769386965982814 0.048233681388053784 0.09140172055053619
2 0.3800370679428245 0.8277615926503297 0.04129055442549545 0.0830010913652135
2 0.3291463941280443 0.7819929062957391 0.04870857567054798 0.0919261673936318
2 0.2797559207347964 0.7142352556221456 0.043084135287514314 0.09524918499090429
2 0.24263214307910297 0.6836689100286206 0.04540105256371693 0.10000749270733522
2 0.20317081394104852 0.6414812456948589 0.042432462801220955 0.09526253990967903
2 0.16673445901140682 0.6040243743857445 0.039817788718160885 0.0894418246045452
2 0.12564006937534478 0.5621190453435609 0.04449266610954475 0.08507071817531564
2 0.075574280302801 0.5256055558545183 0.03732328281964494 0.08521986792525427
2 0.04240947266689376 0.5230559249393738 0.03999492619379735 0.08890386385893784
2 0.048598982962601345 0.6307272587081665 0.05072818728656984 0.09562367722982756
2 0.10642529257238942 0.6938918032710442 0.05150061280258299 0.09720972680739182
2 0.17083354787108798 0.7712791430491084 0.050841089876902 0.09134798290796275
2 0.23133069043651452 0.8360030273520009 0.05114692269648552 0.09828629416910328
2 0.2928744918908118 0.891450639081344 0.04591676411185153 0.0866434128341056
2 0.3547356483662728 0.9570849828319068 0.04811328763017125 0.08583003433618652
2 0.4171641930817398 0.9882505911029893 0.05001227991497198 0.02349881779402152