4 0.23616203858274032 0.3486217864652794 0.07082066003264617 0.10800308636239292
4 0.18994970313428322 0.5124442490510792 0.05388372388275195 0.10335915274089691
4 0.26485746524662357 0.5367368744668118 0.054778027068577206 0.09679221918052444
4 0.34481933073082593 0.5807742558299225 0.05232779475770427 0.10145197170794729
4 0.3285979365066447 0.4000492811437675 0.06746549244567862 0.10961541271098946
4 0.39081489316620766 0.44137096145821114 0.06320871066376393 0.11082115529754011
4 0.4605262588513588 0.478198594530122 0.0684504663392887 0.11840162755302897
4 0.5380541833719008 0.5241927455285135 0.05316137317968961 0.0890795850091457
4 0.593019519674554 0.5573766832689735 0.05128192371719864 0.0990914490376088
4 0.6540153435604974 0.611366709765219 0.053782194898965296 0.10611611117915642
4 0.7138605617480411 0.640372117580513 0.043765700545715824 0.08895837183987465
4 0.7501478066223385 0.6613751284755691 0.04322664009555566 0.08663765875670515
4 0.7969717005737007 0.7156539676502676 0.03852110782126417 0.07965831349600083
4 0.8315698723556428 0.7403165808962653 0.033285701101502085 0.07228068792419762
4 0.4323468381237932 0.6568734963569465 0.06888548153243546 0.11954211134862114
4 0.5199013980177845 0.6972928568999692 0.05816434116540209 0.11249841313006548
4 0.6060510438902238 0.7473477149425471 0.059084814015497256 0.1078187411881869
4 0.6791054671154998 0.7934258163088097 0.05398117412822501 0.0988243700180087
4 0.7506396638553751 0.8311372274182177 0.0425350696260407 0.08915364854469887
4 0.7974907977842842 0.871997315458203 0.04522420035250696 0.0848086429449254
4 0.8439366903179899 0.8931959159990615 0.04544162150521036 0.0755095691160107
4 0.8839067992058434 0.9328832304697153 0.03957228120539025 0.07428681920767155