5 0.112013 0.16481599999999996 0.037337999999999996 0.062021999999999994
5 0.09618499999999999 0.275664 0.044643 0.05938299999999999
5 0.171672 0.277643 0.04139599999999999 0.058062999999999976
5 0.18263 0.168115 0.04058400000000001 0.06070300000000001
5 0.263799 0.17339300000000002 0.03733799999999998 0.058063000000000003
5 0.313718 0.177352 0.03490300000000002 0.050145999999999996
5 0.390016 0.18593000000000004 0.04626600000000003 0.05146500000000001
5 0.46306800000000004 0.188569 0.039773 0.04882600000000001
5 0.542208 0.205064 0.048700999999999994 0.06070300000000001
5 0.644075 0.22485800000000003 0.06087699999999996 0.052785000000000026
5 0.724026 0.232116 0.03246799999999994 0.04882600000000001
5 0.779627 0.242673 0.03977300000000006 0.043547999999999976
5 0.838068 0.24927100000000002 0.03490300000000002 0.046187000000000006
5 0.887581 0.257849 0.03977299999999995 0.04486699999999999
5 0.956575 0.284242 0.04139599999999999 0.04750599999999999
5 0.949269 0.397069 0.04788999999999999 0.05146499999999998
5 0.864854 0.387832 0.04139599999999999 0.04618699999999998
5 0.78125 0.37463599999999997 0.03814899999999999 0.04882599999999998
5 0.713474 0.35814 0.03246799999999994 0.08445600000000003
5 0.66599 0.346264 0.03327900000000006 0.07125999999999999
5 0.584821 0.330428 0.04951300000000003 0.05542400000000003
5 0.49512999999999996 0.318552 0.04545499999999997 0.058062999999999976
5 0.257711 0.29018 0.03327900000000003 0.06202200000000002
5 0.305601 0.303376 0.03165600000000002 0.06202200000000002
5 0.363636 0.29084 0.03409099999999998 0.079177
5 0.420455 0.3007369999999999 0.03896100000000002 0.072579
5 0.023133 0.172733 0.03165599999999999 0.040908
5 0.015422 0.282262 0.030844 0.04618699999999998
3 0.943994 0.642519 0.035714000000000024 0.06202200000000002
3 0.875 0.616787 0.053571000000000035 0.06598099999999996
3 0.792208 0.60425 0.05032499999999995 0.06730100000000006
3 0.7025159999999999 0.598972 0.05438299999999996 0.06202200000000002
3 0.6099840000000001 0.587095 0.04951300000000003 0.10424999999999995
3 0.525568 0.5884149999999999 0.03814899999999999 0.08313599999999999
3 0.466721 0.5771979999999999 0.04220800000000002 0.08445599999999998
3 0.413555 0.573239 0.03490300000000002 0.08709500000000003
3 0.3494320000000001 0.558723 0.039773 0.09237399999999996
3 0.292208 0.544867 0.03733799999999998 0.09105399999999997
3 0.230925 0.5481660000000002 0.036526 0.08709500000000003
3 0.154627 0.529032 0.036526 0.07521899999999998
3 0.099432 0.525073 0.036526 0.08049700000000004
3 0.034903 0.517815 0.038960999999999996 0.08181700000000003
2 0.028409 0.792956 0.042208 0.08577599999999996
2 0.104302 0.790317 0.039773 0.09105399999999997
2 0.15909100000000004 0.7777809999999998 0.03084400000000001 0.06598099999999996
2 0.213474 0.78042 0.038960999999999996 0.08973399999999998
2 0.288555 0.7764610000000001 0.056006 0.06862000000000001
2 0.377029 0.7863579999999999 0.04464299999999999 0.06730099999999994
2 0.46022699999999994 0.7962560000000001 0.05681799999999998 0.06862000000000001
2 0.549513 0.783719 0.04058399999999995 0.08577599999999996
2 0.609172 0.793616 0.04301900000000003 0.08973399999999998
2 0.676136 0.7949360000000001 0.03896100000000002 0.08709500000000003
2 0.737419 0.797575 0.03652599999999995 0.08181700000000003
2 0.8064119999999999 0.800874 0.05113599999999996 0.064662
2 0.885146 0.818689 0.03327899999999995 0.07917700000000005
2 0.9293829999999998 0.85102 0.03733799999999998 0.08049700000000004
2 0.881899 0.946693 0.059253 0.07125999999999999
2 0.783279 0.946033 0.060065000000000035 0.07257899999999995
2 0.67086 0.951971 0.0625 0.06334200000000001
2 0.568182 0.949992 0.058441999999999994 0.07521900000000004
2 0.46753199999999995 0.938115 0.05357099999999998 0.064662
2 0.3620129999999999 0.9374549999999999 0.05681799999999998 0.06598099999999996
2 0.257305 0.932177 0.06006500000000001 0.06598099999999996
2 0.152597 0.9235989999999998 0.06006499999999999 0.06730099999999994
2 0.030844 0.924259 0.050325 0.06334200000000001