3 0.140756 0.33745100000000006 0.08458500000000001 0.14694400000000002
5 0.311871 0.373212 0.05541800000000002 0.072822
5 0.223882 0.285436 0.04666799999999999 0.07152099999999997
5 0.30457900000000004 0.286736 0.06027900000000003 0.09232799999999997
5 0.248675 0.468791 0.05541800000000002 0.07932400000000006
0 0.43291500000000005 0.40117 0.05055700000000002 0.05071500000000001
0 0.554932 0.394668 0.059307 0.071521
6 0.712922 0.514954 0.08166899999999999 0.062419
6 0.69688 0.343953 0.06319600000000003 0.061118000000000006
6 0.6366 0.471391 0.04569599999999996 0.07412200000000002
6 0.637087 0.382965 0.05055699999999996 0.079324
1 0.4961110000000001 0.326398 0.08166900000000005 0.04681400000000002
1 0.382845 0.327048 0.088474 0.04811399999999999