0 0.08873327587589397 0.40487502499047445 0.03033812035620302 0.03772717074436088
0 0.09812358600894143 0.49475432041260686 0.05086362433111405 0.052390940644463035
0 0.0741525239920204 0.5838565324233497 0.012971443440800146 0.04016383877278762
0 0.1214027829860465 0.5704221410539397 0.047146049290380326 0.050071205251894124
0 0.1814611554749056 0.5539620798336412 0.058868366094482344 0.05882823396661996
0 0.5472327170662961 0.5478349063970989 0.06430535302257345 0.04145289917527517
0 0.655803346770895 0.5196728327464477 0.06109887627905197 0.03685531097907213
0 0.7255235681322276 0.49835308034870063 0.05518695821705988 0.03371727512399225
0 0.8203344249468095 0.48669558034794563 0.04624114766560261 0.038974655194982666
0 0.8994195598818489 0.4797365853855455 0.036823394758163874 0.041066892477969685
0 0.8869683024877448 0.3797880313060416 0.056225382480791564 0.047732627132246574
0 0.8099075818830914 0.39769991455589515 0.04984510447326629 0.04210219039135138
0 0.7460852126471951 0.4128792346851009 0.05706003587151265 0.04352015915017787
0 0.6814447815836866 0.42292410427232174 0.051212538663713114 0.04022236218516928
0 0.6161350428730649 0.43467014393340225 0.05744265395263426 0.0468071634144297
0 0.5453828042466009 0.45339589651554646 0.05034010515246823 0.043131954146477136
0 0.48202907550199786 0.46633488067122425 0.053296397792332306 0.04793695277568211
0 0.411148942575165 0.4876989357668743 0.061363561901253305 0.04836656783744703
0 0.3226727715591121 0.5115576783138018 0.06213972118479527 0.051519641865935495
0 0.250077848577341 0.5358178856024618 0.06253986768461703 0.051377911818596744
0 0.17212324507449428 0.47256324163841235 0.04864987953682684 0.04888709229848781
0 0.1508475153472616 0.38468472889098904 0.04260147201565498 0.04370133275618909
0 0.21080607320222444 0.36551460219318865 0.03852427767545871 0.045267187400749254
0 0.8890089289967218 0.29021008828041933 0.043847752424383435 0.044527775679149006
0 0.8061938713653455 0.3116841567560047 0.037545299029070334 0.04091012206522221
0 0.7212876708381487 0.33133380545531993 0.050363357654106045 0.04789242326180354
0 0.641000949539668 0.35337712341302613 0.0399302374978695 0.039012759012287734
0 0.5777929041054657 0.3668545464819903 0.04526807476100181 0.05436597937619403
0 0.5065785050115574 0.38152223335941743 0.04231758159358362 0.04712444757862089
0 0.86985476989775 0.2104869617637557 0.04497778312516343 0.050753126145456656
0 0.7652556421771188 0.2292166421940813 0.045566103221146625 0.05432974391912121
0 0.6962227760756926 0.24524413751519614 0.03901012647494162 0.047152175106048494
0 0.6204020221604661 0.26834565949187916 0.043878724575523886 0.053713132458164836
0 0.5414682118265869 0.29204677573627713 0.04206271788750704 0.05883997345059139
0 0.27256588365541934 0.352762090300902 0.03407867160933581 0.04438970743596521
0 0.23610476022817256 0.4529002248872272 0.0421763686795604 0.052060517387555905
0 0.29519926034979294 0.43586229368832974 0.04049315133723691 0.052946370970388734
0 0.36038515909499924 0.4159399234501664 0.04224753142737603 0.049120703032169255
0 0.43170972234933636 0.3990699809964957 0.051116647696694495 0.05541652126532176
0 0.461126550848642 0.308700537159449 0.03676607230978046 0.04629414603853549
0 0.39166971790689553 0.3258846297164253 0.040020184130140246 0.04800488127957803
0 0.3257243943215421 0.34062830338815453 0.03938442386684854 0.05007349044199316
1 0.8551136899697869 0.6523683813037632 0.060430047405936715 0.038457087765840337
1 0.7663699705346613 0.672112775319498 0.058309735233467386 0.03610136358104532
1 0.6773615588519935 0.6909680539580815 0.057508738826474004 0.03402981297147534
1 0.5903649338956651 0.7103500911216176 0.05557826461525661 0.03172801147089388
1 0.5058701178484943 0.7310693898638201 0.05176610399762216 0.03462167039396713
1 0.43207408726689567 0.7547467257608607 0.05654831993071041 0.03081517129921818
1 0.3250641425924783 0.7813419251634711 0.05451623125947208 0.031245125260112694
1 0.2543344608664996 0.7964704964855398 0.05274078364347615 0.034538861758543815
1 0.15654079434525575 0.8216338263046279 0.06289576748530981 0.038308338540626874
1 0.11999005519311978 0.8774772431714393 0.05132727914247816 0.03264341747449173
1 0.19480120978829663 0.8615893116622035 0.052402144438624176 0.03468658529075619
1 0.2667204790748957 0.8422523445436609 0.049312200653544774 0.029661411071040367
1 0.3555647216833092 0.8208376834767555 0.053913281304242666 0.03245147037501328
1 0.4328680670197961 0.8026373594393544 0.048767858726084246 0.029668569386631205
1 0.07851343980790532 0.9496371345112994 0.0453540856962861 0.031576252824409234
1 0.8274484504314745 0.705270095241002 0.06999378783688748 0.036058236881182704
1 0.7198576889959658 0.729155915538807 0.04502851826647691 0.03007762451138285
1 0.6126820361154359 0.7543168311793969 0.07060679053134133 0.033316918401018136
1 0.5140305722018064 0.7831980809005368 0.041323008977751485 0.02732639133211856
1 0.8743592339907187 0.7629741489724533 0.03777234931357609 0.054583281762171865
1 0.806161654829623 0.7752687961620113 0.03344332535583616 0.05459742758181596
1 0.7347367449746318 0.7922244009095616 0.034570727170699755 0.05117402509296343
1 0.6637213964162489 0.8064163775023633 0.03608325838631521 0.051437227478808634
1 0.6194112305686643 0.8148244338200146 0.03205924869159704 0.05150272690072566
1 0.5698132672202332 0.8251630073290267 0.03392658571686691 0.054488348522960806
1 0.511214506038091 0.8381908688276681 0.034787175127833636 0.05547322747629835
1 0.4617293741664129 0.8520500948847949 0.03056944976849868 0.05361653827446722
1 0.3778091161124435 0.8754219971582353 0.04168408631292819 0.05123744138608499
1 0.30314534347421407 0.8982125624722455 0.044350154554229804 0.048062387623437286
1 0.23090480300599006 0.9260446466751494 0.035234399548687956 0.053708331436181256
1 0.17442745532422443 0.9329807513327134 0.03706339761521163 0.054139280897012476
1 0.13081528728278374 0.9395300000054936 0.03837847120628443 0.051825936184544896