0 0.47558036693137 0.3190885894577001 0.07982620327122725 0.10809032915839312
0 0.1367624072182899 0.4884141223423525 0.07815105581166536 0.06165726167127589
0 0.43412808056296487 0.7604206814783092 0.06499885357846524 0.06840166618987487
0 0.31919621614845145 0.7933298205844774 0.03750310509959476 0.044977122499909705
1 0.2522641323770751 0.4654968808868191 0.05468979809359614 0.1063163676603377
1 0.21129827362489134 0.45578343668212046 0.06377969658841046 0.1300755971613109
1 0.2783134871586852 0.8062216766667969 0.04280437848475899 0.07435017956940937
6 0.38276010387400017 0.7532448052168645 0.08349896371963278 0.12286002605017765
6 0.44856223787401367 0.45020987269240453 0.09287590899256148 0.14312957216530897
4 0.16646651269085183 0.3450489420382642 0.05718610645176156 0.056995132643269886
4 0.09862919760332602 0.3741125167519566 0.07331097739682227 0.06598262304252922