3 0.08136853026374538 0.895012201188853 0.08670802843163415 0.16037833745157437
2 0.058061234746465275 0.7447507902208573 0.10053430909712298 0.20196978338808735
0 0.15276222045011623 0.6232546486229299 0.05933627601069105 0.11291584176458791
0 0.3401903630868882 0.6708797562581015 0.06938444333179616 0.11234750569745067
0 0.3270216805302921 0.843320922604152 0.04998728634534255 0.09276898651056276
0 0.5821105935284927 0.2985861160529421 0.06645891412308347 0.1054936888465483
1 0.31745988571804007 0.5081946187432469 0.0413737973466225 0.11137982944470382
1 0.21111571658846318 0.9425199694188853 0.04054533584711498 0.0973867990486208
5 0.2249007410765634 0.4948059599797215 0.06956020759198661 0.1346733935186547
5 0.2534880631569494 0.6532187589616921 0.06720571023759314 0.12740453130410634
5 0.6011628427222626 0.44212475176550337 0.08364129311771529 0.1356633188794248
1 0.18049969973752286 0.8085386353058506 0.050479161041869114 0.1552805709481183