3 0.642284494200063 0.644509814693143 0.11146900228676204 0.1269000380977735
5 0.49549091102807874 0.6425684432894699 0.06829755927276143 0.06659946857792676
5 0.5863652961437057 0.5901474901507449 0.059523101173912574 0.06340532818802358
5 0.520089976610035 0.5765129137167173 0.07789949090185627 0.08269813289316807
5 0.5272939389577176 0.7279071334875558 0.06951078351602907 0.07098645491686917
0 0.3872182651373135 0.64319660668042 0.05908813464254714 0.04922140458471658
0 0.2825783777413313 0.6158907539800391 0.07443715550178237 0.06840336672216007
6 0.111754807165928 0.6850472600769123 0.09504594399642892 0.06615621887642953
6 0.16708663244287028 0.5479330302183487 0.07697817735242257 0.062131831054739295
6 0.19192887588674312 0.6631464464624599 0.06385423788684433 0.06867436067956545
6 0.21210963072272737 0.5911462825578395 0.06977495323534386 0.0738712254437609
1 0.3493581159122626 0.5722120137756668 0.0863587159372739 0.05254517787466473
1 0.4459775791218605 0.5936686235549622 0.09064378515098026 0.053922008471746996