2 0.11469863100783248 0.5565229628753943 0.08883172654283678 0.1658027953940424
3 0.15894936753226793 0.7021392448981625 0.07255301119738473 0.13917472496250627
4 0.16936826255038367 0.8477629609295902 0.071384918857473 0.08752661970296882
4 0.33685316015115696 0.8961833770033146 0.07289993902391478 0.06882786882815428
4 0.5843940866204076 0.9507457229174019 0.07954661282253517 0.0985085541651961
4 0.6675641983548813 0.973860869973288 0.07637362743649057 0.05227826005342395
4 0.517605508987908 0.960978797435103 0.058270640730547274 0.07804240512979421
4 0.476077913701453 0.8890789075513047 0.060806565490088005 0.07825431345572498
6 0.6583546141819667 0.8985651718616104 0.06095610889401837 0.15291337594728338
6 0.3611195268254138 0.5941401256521746 0.03965874748414039 0.11420489491194485
6 0.5002264840683058 0.5932659866813184 0.044160801623193635 0.08699112640793893
6 0.5130857977155864 0.852623457670096 0.04651742708974882 0.09770296046926519
0 0.20905444109600657 0.6454704194219636 0.04245252292239779 0.08086991737055937
0 0.42926626727205097 0.6734070206232653 0.05278345655528094 0.1023728486697646
6 0.33792428538682684 0.8257849956975982 0.057894230714175376 0.11422126928640697
4 0.42552005484777433 0.8923842193259485 0.05724839604489795 0.09608999890118497
1 0.46246916205834493 0.7858881892870688 0.046985677984968 0.16035568096704578
5 0.5062616437217007 0.7714226376123017 0.04612213858607134 0.09189868447822336
5 0.4949259175273668 0.6629418957031794 0.05630058764116197 0.07273007906388307