0 0.9013039999999999 0.22236699999999998 0.031205999999999956 0.036411
0 0.895063 0.33094900000000005 0.04368799999999995 0.05071500000000001
0 0.060001 0.180104 0.048681 0.04291300000000001
0 0.939999 0.43433 0.038695000000000035 0.04681400000000002
0 0.877588 0.429779 0.04119099999999998 0.05071500000000001
0 0.818297 0.424577 0.052424999999999944 0.058518000000000014
0 0.458809 0.511053 0.062410999999999994 0.03641099999999997
0 0.352085 0.503251 0.058667000000000025 0.031209000000000042
0 0.284057 0.494148 0.052425 0.028608999999999996
0 0.19044 0.503901 0.042440000000000005 0.03771100000000005
0 0.10930499999999999 0.515605 0.037446999999999994 0.04291299999999998
0 0.031915 0.527308 0.03744700000000001 0.04291299999999998
0 0.04626999999999999 0.390767 0.05117699999999999 0.045514
0 0.135518 0.3875160000000001 0.049929 0.044213
0 0.209163 0.39011699999999994 0.044936000000000004 0.03901199999999999
0 0.270327 0.392718 0.05242499999999997 0.03901199999999999
0 0.332738 0.3888170000000001 0.047433 0.03641100000000003
0 0.395773 0.386866 0.053674 0.04291299999999998
0 0.463801 0.392068 0.047433 0.040312000000000014
0 0.5249650000000001 0.3920680000000001 0.049929 0.045514
0 0.593617 0.40052 0.05741799999999997 0.044213
0 0.679744 0.407672 0.05741799999999997 0.04811399999999999
0 0.750893 0.419376 0.05741799999999997 0.04811399999999999
0 0.82329 0.322497 0.04244000000000003 0.04681400000000002
0 0.8388929999999999 0.213914 0.03619899999999998 0.040312000000000014
0 0.782099 0.20611200000000002 0.03245399999999998 0.04291300000000001
0 0.050015 0.278934 0.04119099999999999 0.040312000000000014
0 0.143008 0.280884 0.03744700000000001 0.04161199999999998
0 0.220397 0.28608599999999995 0.03245399999999998 0.03901199999999999
0 0.300284 0.288687 0.044935999999999976 0.044213
0 0.375802 0.29518900000000003 0.03619899999999998 0.03641100000000003
0 0.435716 0.295839 0.04119099999999998 0.05331600000000003
0 0.503121 0.2958390000000001 0.03869499999999998 0.045514
0 0.16922 0.184655 0.03744700000000001 0.046813999999999995
0 0.265958 0.181404 0.03869500000000001 0.05071500000000001
0 0.329617 0.183355 0.03370200000000001 0.044213
0 0.39951799999999993 0.191808 0.03869499999999998 0.05071500000000001
0 0.472539 0.20026 0.03744700000000001 0.05721699999999999
0 0.724056 0.20611200000000002 0.028708999999999985 0.04291300000000001
0 0.761503 0.31469400000000003 0.03619899999999998 0.05201600000000001
0 0.704709 0.308843 0.03495000000000004 0.053315999999999975
0 0.642298 0.30104 0.03744700000000001 0.04811399999999999
0 0.574269 0.29844 0.046184 0.05331600000000003
0 0.547433 0.20026 0.03245399999999998 0.044213
0 0.61234 0.203511 0.03495000000000004 0.045514
0 0.6741270000000001 0.204811 0.03370200000000001 0.04811399999999999
1 0.04065300000000001 0.79909 0.057418000000000004 0.03251000000000004
1 0.137391 0.73342 0.05866699999999998 0.03641099999999997
1 0.04127700000000001 0.73277 0.04618400000000001 0.029908999999999963
1 0.22788700000000003 0.736021 0.057418000000000025 0.03381000000000001
1 0.31900700000000004 0.737321 0.057418000000000025 0.031209000000000042
1 0.40825500000000003 0.739922 0.05617 0.028608999999999996
1 0.495007 0.7451240000000001 0.052424999999999944 0.03381000000000001
1 0.571149 0.757477 0.05741799999999997 0.027308
1 0.6822410000000001 0.764629 0.054922000000000026 0.028608999999999996
1 0.7558860000000001 0.76593 0.052425000000000055 0.03381000000000001
1 0.858241 0.773732 0.062410999999999994 0.03641099999999997
1 0.900056 0.843303 0.05117700000000003 0.03251000000000004
1 0.820794 0.8420030000000001 0.052424999999999944 0.035111
1 0.7446520000000001 0.8348499999999999 0.049929 0.028608999999999996
1 0.651035 0.829649 0.054922000000000026 0.031209000000000042
1 0.569901 0.8257479999999999 0.049929 0.028608999999999996
1 0.952482 0.937581 0.05117700000000003 0.03381000000000001
1 0.160483 0.79974 0.06990099999999999 0.031209000000000042
1 0.271575 0.802991 0.044935999999999976 0.029908999999999963
1 0.382667 0.808192 0.07239699999999999 0.027308
1 0.4850209999999999 0.821196 0.04243999999999998 0.027308
1 0.039405 0.90117 0.032454 0.06501999999999997
1 0.103688 0.896619 0.03370200000000001 0.06892100000000001
1 0.175461 0.894668 0.02995700000000001 0.07022099999999998
1 0.250355 0.8985699999999999 0.03245399999999998 0.06501999999999997
1 0.325248 0.8985699999999999 0.03494999999999998 0.06501999999999997
1 0.3720570000000001 0.8979190000000001 0.03120600000000001 0.06632000000000005
1 0.424482 0.8985699999999999 0.03370200000000001 0.07022099999999998
1 0.48627 0.90052 0.03495000000000004 0.07152100000000006
1 0.538695 0.906372 0.02995700000000001 0.07022099999999998
1 0.627943 0.9161249999999999 0.04119099999999998 0.06371899999999997
1 0.70783 0.9278279999999999 0.04368799999999995 0.05851799999999996
1 0.785844 0.9479839999999999 0.03245399999999998 0.07022099999999998
1 0.8463830000000001 0.9414819999999999 0.03370200000000001 0.07022099999999998
1 0.893191 0.938231 0.03495000000000004 0.06632000000000005