3 0.8790403579726503 0.5071991796344367 0.0754549675932763 0.14694571607187057
6 0.6727366478322636 0.3726928472248082 0.0590066260958092 0.13967137791388762
6 0.6627000589221549 0.5760196140031228 0.04509126721565093 0.11492891047045106
6 0.4964707626783481 0.5265678886568985 0.03942571911057491 0.10998305013767701
6 0.593883373215802 0.36927946729859557 0.04798422766188326 0.12139013059502302
6 0.7995544781898278 0.4383449597261705 0.07677143513522089 0.10637674161920557
0 0.5435262893727388 0.45249366346134823 0.03763324407762825 0.0816555412491386
0 0.5835889032346179 0.6319970288391804 0.03736644524381827 0.06804157130433253
4 0.8676757875407861 0.6274874624157898 0.04687482448586322 0.08893626712736291
4 0.5800631945945798 0.6828623944984387 0.03983082816846595 0.07491556326375304
4 0.6601828684478629 0.6709484337600077 0.0343385613092384 0.0732692084559432
0 0.7405025664158689 0.4477962537632595 0.04816105009264726 0.08769777672071838
6 0.5375409918567634 0.6574041113279476 0.03983082816846584 0.07491556326375293
4 0.5397818707812574 0.7038041445445871 0.036308506264161156 0.06790492871135756
4 0.49654754315545335 0.5964759495572317 0.030213733146288335 0.06337127497225148