0 0.47746671468506435 0.75264862336649 0.07904646080215627 0.11971012944229364
0 0.9066366860681587 0.5353651422961577 0.1125261234274173 0.10110427647892384
0 0.5576174809734487 0.3318590870237782 0.0598387628985122 0.06778789573119337
0 0.6800245663599731 0.27002514790893545 0.039806996277522155 0.04668802376061729
1 0.743959527866189 0.581020077157363 0.06477825164184003 0.12346483006196296
1 0.7985527824784683 0.5866121934500065 0.08139760717036837 0.15714587270329972
1 0.7276194770528226 0.24548365384606569 0.046917530789642115 0.07243249152703127
6 0.6098479098280493 0.32537599100330383 0.07972791078453745 0.11640161851639946
6 0.5171376739720448 0.6212235768037764 0.08853153305745709 0.14775107124342168
4 0.8590251625744181 0.7100629414577264 0.08008592960633454 0.08905943545696815
4 0.954716022363969 0.6686130172956233 0.09056795527206207 0.11374260200215602
4 0.4534173000122051 0.9904302382960429 0.10371017728089627 0.01913952340791414