0 0.39052535932953336 0.7234934535202624 0.06694193291259465 0.1265361555184631
0 0.7565579965120848 0.3508929241001131 0.07842959991926479 0.09954132993088471
0 0.50274440804616 0.22929518657804668 0.05384844523601107 0.08326036983660984
0 0.6147160157305511 0.126847404835448 0.031384466855877036 0.052921552935106544
1 0.6302710466063233 0.44545919215435315 0.04347218612645487 0.11492359195174146
1 0.6712400338239395 0.43381156719029895 0.05020445441064547 0.14063041728416958
1 0.6563502954656442 0.08797090160739016 0.03247399068673096 0.07550548529812484
6 0.5485961035024167 0.20736057970094884 0.06583124144690211 0.13113938381443666
6 0.4381160362474926 0.5656499558885062 0.07542520685375725 0.15786973251373643
4 0.7019367277118624 0.5387422268343888 0.05515833518905544 0.08214269626015042
4 0.7821661374732862 0.46464618416826675 0.07420777288797054 0.10208078020278716
4 0.3444622061977183 0.9849175995620999 0.0892485466451326 0.030164800875800202