3 0.9508662451673354 0.22493116457320156 0.045986960625745255 0.14831447478251636
5 0.7810493116854785 0.2900988931999577 0.07234684948338321 0.07774994549570713
5 0.895395538763134 0.18654487734977493 0.07042870242554744 0.08351588840317598
5 0.793615385974916 0.20510153251017754 0.08462566321386233 0.10605596493771033
5 0.8503308266317435 0.361156953533184 0.0725040056468026 0.07681656493991745
0 0.6374376409006499 0.3396039532684517 0.06081374949790774 0.05410179660561604
0 0.4960345312948261 0.3574192822416611 0.07616722585812624 0.07451418990102304
6 0.3404358037540445 0.48156612184225334 0.09771262968790112 0.06308004449841359
6 0.32490683389143965 0.34142747620168373 0.08554710945886623 0.06952901069149364
6 0.4151639255236711 0.43508185270019784 0.06095840460368046 0.06882586863166579
6 0.4005668639028491 0.3631646597156919 0.07068265951894026 0.08072735517456325
1 0.5580993479312852 0.28529357792307686 0.10180669087188088 0.061121469995828404
1 0.6956685186120686 0.262203572841504 0.11023879977728401 0.06418532964854279