3 0.41375052972587556 0.38583734893655486 0.10410137759431409 0.1007539489288804
2 0.3708087776162242 0.5147186240526569 0.1229126963259714 0.13191202342243502
0 0.4664729161553698 0.5675060382904482 0.07167596246834235 0.07193057036400818
0 0.6868241609688255 0.4451226481577259 0.081095259624682 0.06555969767675618
0 0.6902685611691763 0.3152942935004629 0.060057467687092636 0.05837749604750292
0 0.924537815905853 0.6287344383327763 0.07738369675276702 0.06080098950391344
1 0.6432071601192215 0.5835259969996232 0.0544853307306602 0.08091488754225895
1 0.5678541236724339 0.2896681884705989 0.051770278623640476 0.06821174061845525
1 0.45724185075984064 0.2515453730754271 0.04810902415167695 0.07240585141991412
5 0.5354800351077426 0.6359861721712881 0.08434385649771303 0.08649313216058852
5 0.5853624640658437 0.4982947818095491 0.08111474252117812 0.08101174545622625
5 0.9564872672277569 0.5070741104138738 0.08702546554448631 0.07924837547517505
1 0.5182725752748825 0.4090392946050124 0.06915316376620895 0.11699041727378778