18 0.0785909184859914 0.044547668220650774 0.0527450123433741 0.08909533644130155
17 0.17638530852120135 0.08879973615573046 0.03368211869918375 0.10120757600735411
8 0.2772745927539584 0.1438170841375161 0.05088561945117048 0.1257249641848183
1 0.4036943512360157 0.21669360425150247 0.0520694972787516 0.12252944114937239
7 0.49631158446540524 0.2703612044823971 0.04819668920948611 0.1246794553064533
15 0.5922991214494058 0.31204874890075956 0.051181278861766155 0.11899129218881588
4 0.6681160627175231 0.353650267963198 0.05193817359101738 0.12910174713397754
11 0.7619932727966833 0.38751836790484007 0.0550169744585276 0.13378958455238915
0 0.8529228404727649 0.43904693068769296 0.05129449586964363 0.1397520416902695
0 0.8378631388817134 0.653469536281347 0.07530280971645964 0.13216860002979214
11 0.7675870939816303 0.6099420095538318 0.053078305805943304 0.09982770135940866
4 0.6905729835103409 0.5696325793563082 0.05584875722842242 0.1040063223638068
15 0.597734366010224 0.5183787147056504 0.05487923034441988 0.0942830249423236
7 0.5216118809725305 0.47757721198517766 0.054659627454125614 0.10248227696930351
1 0.4085244804997977 0.4212426379821813 0.07531059427227399 0.11275746137765669
8 0.2619577172060439 0.33027103253973883 0.061373147245574106 0.125589236647364
17 0.17380129145957637 0.2678095036317242 0.05625303155170175 0.10415310211426335
18 0.08553909968470282 0.216039809688151 0.06209091246211267 0.120606678381559
13 0.09368131519349443 0.3730926641968576 0.05543787286130129 0.10896158354490099
13 0.10488685951732654 0.46447397251916434 0.0366105481211224 0.07563656401127555
14 0.16062791467458604 0.3997100895371667 0.05878644530352367 0.1069188785725646
14 0.1715838747981014 0.5053315295538543 0.056591661458778614 0.11713955921490282
9 0.23934595333591208 0.4541777204476628 0.05307900633238896 0.08082587651286266
9 0.24227374552963377 0.5450906825179298 0.051903719771372425 0.07884752788475247
10 0.3202742486730531 0.4800144642200951 0.03903178640950561 0.08939960418726473
10 0.30756955863685514 0.5738475448927622 0.03205832431483524 0.08391293047549908
2 0.36735218635691097 0.5034452558295526 0.03596861024473885 0.08697029913145948
2 0.3666882402684184 0.6063696264092845 0.034670030355376746 0.09053939069947581
12 0.4253837400068632 0.5317548228603683 0.044573908654242655 0.09344056921660843
12 0.43237197701814756 0.6390500218180337 0.04197517524488065 0.09853568703623394
6 0.48452339589652793 0.5562967692874776 0.037226534037203385 0.08597069227954601
6 0.4908569717128821 0.67089930008031 0.040146126280653505 0.08648883141646291
16 0.5415670020077394 0.5943538617675481 0.027327257883270728 0.0620545163284153
16 0.5389957514160606 0.7019170955237276 0.028561441852844593 0.06179895891331033
5 0.594252581917249 0.6300102995075803 0.025297861653026166 0.06858125717717334
5 0.5986727769328728 0.7374700698304804 0.028320438562920214 0.07550196754076244
3 0.9323518104641422 0.4806205653225323 0.047030535898727854 0.12940957426064048
3 0.9251543170460828 0.7110379300187577 0.06675541432710741 0.12442735289506102