18 0.052375 0.254667 0.04875 0.08399999999999999
17 0.15449999999999997 0.258333 0.028999999999999998 0.08666699999999997
8 0.260125 0.260833 0.04625000000000001 0.10233300000000001
1 0.392625 0.268167 0.048250000000000015 0.098333
7 0.489875 0.273833 0.04425000000000001 0.10299999999999998
15 0.591375 0.265 0.048250000000000015 0.095333
4 0.671375 0.267167 0.04874999999999996 0.10566699999999998
11 0.7713750000000001 0.251167 0.05225000000000002 0.10899999999999999
0 0.8676250000000001 0.25550000000000006 0.048250000000000015 0.11766700000000002
0 0.841375 0.48983299999999996 0.07425000000000004 0.09366699999999994
11 0.767625 0.48250000000000004 0.05174999999999996 0.07300000000000001
4 0.686625 0.482167 0.05425000000000002 0.07566699999999998
15 0.58925 0.479 0.05349999999999999 0.06600000000000006
7 0.5095 0.47766699999999995 0.05249999999999999 0.07466699999999998
1 0.391125 0.480167 0.07374999999999998 0.07299999999999995
8 0.23862499999999998 0.46466700000000005 0.057249999999999995 0.09466700000000006
17 0.14725 0.447333 0.05299999999999999 0.07533299999999998
18 0.055625 0.441167 0.05775000000000001 0.08899999999999997
13 0.060625 0.599667 0.05124999999999999 0.07999999999999996
13 0.07025 0.687833 0.0335 0.056332999999999966
14 0.130125 0.5913329999999999 0.05525000000000001 0.07599999999999996
14 0.139 0.6943330000000001 0.05199999999999999 0.087333
9 0.21137499999999998 0.6055 0.05124999999999999 0.05233299999999996
9 0.212 0.697667 0.04999999999999999 0.05066700000000002
10 0.295875 0.5888330000000002 0.035750000000000004 0.06966700000000003
10 0.27975000000000005 0.6925000000000001 0.028500000000000025 0.06766700000000003
2 0.34487500000000004 0.587833 0.03275 0.06899999999999995
2 0.341 0.6945 0.031000000000000028 0.07299999999999995
12 0.40537500000000004 0.586 0.04175000000000001 0.07066700000000004
12 0.40925 0.693167 0.03849999999999998 0.07699999999999996
6 0.46725000000000005 0.5796669999999999 0.03450000000000003 0.06733299999999998
6 0.47 0.694833 0.03749999999999998 0.06566700000000003
16 0.5265 0.5885 0.025499999999999967 0.04833299999999996
16 0.519875 0.7011670000000001 0.02675000000000005 0.04700000000000004
5 0.58125 0.597167 0.02300000000000002 0.056332999999999966
5 0.5818750000000001 0.706 0.02575000000000005 0.06133299999999997
3 0.952 0.255667 0.044499999999999984 0.10933300000000001
3 0.932875 0.502667 0.06574999999999998 0.09066699999999994