18 0.043684801226542835 0.28436449138472375 0.05094431316851466 0.09303984389132602
17 0.14335094202850432 0.28277517521813395 0.03149459233071211 0.09447872885906927
8 0.24556178785785246 0.27980597498326365 0.048500565528533046 0.11175694310647813
1 0.37281809219516704 0.2805442118847577 0.049819416525797855 0.10706702300162621
7 0.4654423940767589 0.28137961478455065 0.04587734821240913 0.11141480834836243
15 0.5608366130428042 0.26669398000426864 0.04903112630441964 0.10309309273989362
4 0.635872965620734 0.26480217747861623 0.049627785570667604 0.11368301823431137
11 0.7283319884232953 0.24285029241597622 0.05266787533848072 0.11689443730817148
0 0.8174437587955924 0.24246893729575558 0.04897310673795108 0.12533170332586485
0 0.8021966470496051 0.4887748330805969 0.07219401603355369 0.10242743606602511
11 0.733713205192398 0.48549090364783265 0.05087067924769817 0.0796670206046784
4 0.6583411038785129 0.4900231826459406 0.053596040867360806 0.08286891981348649
15 0.5670325944905332 0.49257728313283666 0.05288430743853756 0.07292023763985012
7 0.4918110634963432 0.4960265453580647 0.052567198679801086 0.08225685710366903
1 0.3794836135196636 0.5059552289814508 0.0732385061448283 0.08217577576421992
8 0.23264015842231017 0.4988388675545923 0.05893190913637103 0.10477256559876347
17 0.14353653406043065 0.4858870637270017 0.054434088142593984 0.08409116873541833
18 0.054001296987656856 0.4849131574460484 0.05996440520878922 0.09938528570333627
13 0.06497201588915512 0.6552279207309186 0.05325889849026979 0.08964728527703181
13 0.07777105419672299 0.7494646334240821 0.03495292675438996 0.06306225423525413
14 0.13241199324984065 0.6415612793070729 0.056739796702872866 0.08535793937778535
14 0.14499330197744145 0.7515665693807874 0.05398993545724655 0.09752391902389335
9 0.21173114417074546 0.6512573755855896 0.05163443105125903 0.059506016274379014
9 0.21587096933515126 0.7499118389391113 0.0503707686393389 0.05783587722974659
10 0.29252172174463154 0.6277790196648404 0.03707019309963494 0.07674583401564328
10 0.28100390695349137 0.7395730672670072 0.030059168042702478 0.07431499903657945
2 0.33946304880955364 0.6234622575319744 0.03404299111114373 0.07569080133005313
2 0.3398456843423529 0.7373911397176869 0.03253685327878508 0.08000504172688949
12 0.39715487998777965 0.6175284544971109 0.042555238724107325 0.07787744493296833
12 0.4049578276196249 0.7311884602142676 0.0396974385690011 0.08457331666397816
6 0.4557291733343897 0.6067451373231119 0.03535655752548705 0.07367160659591099
6 0.4627509796780473 0.7287072977837051 0.038147550293793464 0.07228616098753271
16 0.5121371601946844 0.6122240466577857 0.02597258336133207 0.0528216179788048
16 0.510199959037399 0.7319283030959549 0.02712466686987408 0.05164004204229944
5 0.5640598421420934 0.6178106068675769 0.02382728595169681 0.06100865871038508
5 0.568819418965324 0.7327235814018951 0.026616449757332128 0.06659845287567079
3 0.8949092375715197 0.23834849806026953 0.04494591339819565 0.11607426273153543
3 0.8868328269035168 0.4966671031081259 0.06382265335366444 0.0984730251393589