0 0.1923628446108702 0.30405642581278014 0.038417084666573065 0.15288683641145728
1 0.21671734486880861 0.31802152339634426 0.037137085954117494 0.13734433880837713
2 0.24399363796634838 0.3327267579894924 0.04306468553620932 0.144634031067416
3 0.3813345806938673 0.5281889972803253 0.03445154605706385 0.12840639171091928
1 0.40033795892919355 0.5347743911855667 0.026584629141391647 0.10773526239489967
0 0.4163362222086546 0.5382281634875609 0.0277038580453845 0.1082124242813069
5 0.4374325495892527 0.5846296877896591 0.028987650410917165 0.1089684642040264
6 0.45319822897153283 0.5520077872865986 0.031887138508524926 0.11679898639106184
7 0.565465872346204 0.4995403036721663 0.030938082737435257 0.1438827376532164
4 0.5846282485011755 0.5162092645112735 0.03203623775175468 0.13890878126609213
8 0.6051108777691256 0.5137652507940391 0.03261396323374066 0.12257815575235143
9 0.6358521787589438 0.5445636842259101 0.03931190302101584 0.09483583819880087
10 0.66082065437433 0.5437350814632088 0.03246917614787248 0.13544673144224445
4 0.7385396453253763 0.5553418090496344 0.023082232677933967 0.10084613100565343
11 0.7574187856318058 0.5658686776252156 0.03143608600008252 0.12020431452898528
0 0.7755982761600688 0.5694973041731481 0.023103341055516036 0.10724512475071168
9 0.7975083988987004 0.5963439391061373 0.030097856390421618 0.07448594967113786
10 0.8155869406417795 0.5762491020688733 0.02341591428676504 0.10249401545794035
8 0.8854742366115117 0.48701376170341426 0.021961614415719533 0.09480906901455893
3 0.8990744259960823 0.49512350323193555 0.019590038532417697 0.09322310472964385
6 0.9163713966607303 0.501523424445152 0.02656826970429893 0.10347195818488708