0 0.137992 0.462343 0.026947 0.13731499999999996
1 0.164717 0.464245 0.027391 0.12210000000000004
2 0.19477300000000003 0.465386 0.03361 0.126664
3 0.3381700000000001 0.596044 0.026059 0.11411199999999999
1 0.359491 0.593191 0.019247999999999987 0.09699500000000005
0 0.37762799999999996 0.588627 0.020579999999999987 0.09699500000000005
5 0.398505 0.625523 0.022060999999999997 0.09699500000000005
6 0.419085 0.584062 0.024726000000000026 0.10384199999999999
7 0.553524 0.47223300000000007 0.02146899999999996 0.13351100000000005
4 0.574622 0.4796500000000001 0.023394000000000026 0.12780500000000006
8 0.59883 0.466527 0.025911000000000017 0.11068799999999995
9 0.63244 0.4826929999999999 0.03686699999999998 0.07835699999999995
10 0.661904 0.46880900000000003 0.024726000000000026 0.12438200000000005
4 0.752887 0.440472 0.017471000000000014 0.09357199999999999
11 0.77443 0.44161300000000003 0.025614000000000026 0.109547
0 0.7957510000000001 0.435907 0.017027000000000014 0.10041800000000001
9 0.819514 0.452644 0.028723999999999972 0.06238100000000002
10 0.842908 0.42202400000000007 0.01806300000000005 0.095474
8 0.93515 0.290605 0.017471000000000014 0.08900700000000003
3 0.950844 0.291936 0.014805999999999986 0.08862700000000001
6 0.971202 0.289464 0.02235699999999996 0.095854