18 0.14385513261820038 0.36074155681088005 0.05889509196120338 0.08587794323482334
17 0.2339520806800576 0.34236041082842505 0.042604476458811436 0.08467202685376318
8 0.3285715144808514 0.32186049059113864 0.0620191749530043 0.10329335935130646
1 0.4479835450464704 0.29973589818623725 0.06427765089590404 0.10096815456869207
7 0.5367037694121464 0.28353949217874425 0.06245070341517389 0.10505920389472687
15 0.6334798305228753 0.2527241522171848 0.06560530417557742 0.0996740447695742
4 0.7086627150199258 0.23667995464779662 0.06909609947296891 0.11003651071752407
11 0.8077611976170829 0.19877339264967364 0.0743320373220554 0.11497288854385321
0 0.8999134977935255 0.18058338059301945 0.07347821348269545 0.12305692472923836
0 0.822348871748489 0.40726313911620116 0.0919734121817456 0.10435310958955646
11 0.7534976939420134 0.41638071023218715 0.06512801203523044 0.07950094200527752
4 0.6769621659488367 0.4334342978645962 0.06730508950773528 0.08204393875119348
15 0.5864747958005775 0.4511902286246377 0.06367120520229386 0.07242431306771668
7 0.5128671139759424 0.4667256781031718 0.06382085815946165 0.07968288394589229
1 0.4039955041286163 0.4935959980511917 0.08179287400312768 0.08209098604877285
8 0.26948197667835827 0.5108488574866141 0.06957364407833566 0.09710223238070581
17 0.19145306519076685 0.5138947291890911 0.06128264459949284 0.078377498564911
18 0.11188344741803397 0.5268641237066007 0.06722418608481763 0.09099729239308058
13 0.08696570199604475 0.6658573576829778 0.05954128180165168 0.08123721454702015
13 0.07913122269522091 0.7412599922111234 0.03958596682617013 0.056503817122491196
14 0.14927817810430566 0.6451288767955156 0.06292663404170672 0.07899409325833306
14 0.13787382360801834 0.7340439699513711 0.06201417968517682 0.08801639035336595
9 0.21822914511391614 0.641890139505495 0.055551617551935994 0.05757034343602674
9 0.2013274977255578 0.723212704554874 0.05395761148567593 0.055723332860929564
10 0.29662881351345227 0.6104758291859749 0.045640562938855156 0.07002231529549863
10 0.26225972835102246 0.705737940561237 0.03847460718571982 0.06625101195086835
2 0.3407897652077967 0.5998706705600394 0.04312898846307689 0.06901000014662861
2 0.3165011124386774 0.6957582860039744 0.04211751174135053 0.07182869389234348
12 0.39580166896666147 0.5861598101206793 0.05204812558492411 0.07280997629821007
12 0.37809144869027034 0.6813833189917832 0.05015731758266406 0.07744817480597055
6 0.4533427591521284 0.5680048186268047 0.04520731232286601 0.06852274281111403
6 0.4327389687259339 0.6710541016177931 0.04742538312104183 0.0673966598406418
16 0.5058086239380728 0.5640052748110265 0.03340326281367123 0.049543963181774564
16 0.4768680367525745 0.6669825476682302 0.03409875776389526 0.048378833725850834
5 0.5544949343657237 0.560733022594206 0.0329906441340202 0.056425171247359907
5 0.5327056071107794 0.6591325241691048 0.03640909916087132 0.06127969635269914
3 0.9739700674399671 0.1627696297146865 0.052059865120065885 0.11152507331316548
3 0.9076120880644292 0.39934863613567984 0.08420275430072588 0.10025924982922568