0 0.15978879730046475 0.3748714173517842 0.02802916322713353 0.12682822128980953
1 0.1840938162958467 0.3814603807301954 0.028241158079722856 0.11375633228635312
2 0.2115240728161744 0.3880609650804989 0.03427455387438613 0.11943114093577234
3 0.34230599076420887 0.5314031681386662 0.02821918259865075 0.10856072934169786
1 0.3621516150046239 0.532949835648384 0.021409161261628284 0.09166684685337417
0 0.37908285774299494 0.5323742493142682 0.022752252379595883 0.09203270606394343
5 0.39838820478943915 0.5696761050946225 0.0243095643264567 0.09277348496363058
6 0.4178277871463667 0.5363481998361221 0.027137079140645615 0.0993436892788922
7 0.5440016201907174 0.461979654376662 0.026118560868270135 0.12489630127014312
4 0.5638801177787387 0.47267138622309746 0.02784981943551834 0.12045866592518362
8 0.5866539996638945 0.46550340615266217 0.029593901148489365 0.10571877329685492
9 0.6185004844694876 0.4864596173513448 0.03867438404131973 0.0796105575945733
10 0.646321654515521 0.4797509668305021 0.029604883791565895 0.11812945225627586
4 0.7325629589604639 0.4717321490227486 0.021690656313234302 0.0887868288358391
11 0.7531588610449271 0.47696370551758904 0.030473005318642943 0.10535464535694722
0 0.773454553881881 0.47592523066850473 0.02189204658812227 0.09502635485901234
9 0.7964571617226097 0.495631740459369 0.031114152913496285 0.0637169685795102
10 0.818445093647679 0.4725045219824128 0.022871718183800516 0.09092657662761111
8 0.904716458119784 0.37172851033023213 0.022275827658412406 0.08436406639769373
3 0.9198248977515843 0.3759006152719878 0.019779491133028904 0.08341903352348562
6 0.9368359918274339 0.37696418460504766 0.02252577746054052 0.09074063858257453