0 0.11590558455194327 0.49560542891238124 0.03975086183227672 0.13074364051575343
1 0.14348545586508085 0.49645593349476114 0.03880516787908356 0.11644073924992138
2 0.17437716739573905 0.4964612157372999 0.04550560091392067 0.12109534529975863
3 0.3320921804993593 0.6132827064653898 0.03631845047730636 0.10821039840287361
1 0.35353935188163876 0.609846760757834 0.027883127743561442 0.09174664566332325
0 0.37158431684731963 0.6049261462845821 0.02920807561514155 0.09181626613354288
5 0.39593754972275325 0.6384807081287971 0.03066310963932828 0.09181376431889132
6 0.41329067837943556 0.5991443601536401 0.03392879743294458 0.09841727177617143
7 0.5400085839996275 0.49029858354766986 0.03291235214560295 0.12578024820812894
4 0.5619518809981907 0.49646080161466644 0.03433238346907708 0.12054100951345531
8 0.5853011743871894 0.48343080308056524 0.03539863710152358 0.10477670851189214
9 0.6205514541709294 0.49728966290010157 0.04368098011306987 0.07540550277032976
10 0.6490896179366665 0.4833574008596022 0.03521215144346357 0.11728597809986246
4 0.7382623859029516 0.4539624079424273 0.02522038938389215 0.08805456634963893
11 0.759976940957428 0.45427543499028333 0.03466536275164722 0.10340928698108004
0 0.780902721753173 0.4482707551523115 0.025269772438452964 0.0943085149170077
9 0.8060819356301068 0.46297556413018986 0.033850127702916954 0.05981931377453209
10 0.8270240903251114 0.4338187268728997 0.025835503598263254 0.08974422021268097
8 0.9086686707508521 0.3090866478829284 0.024619482829725925 0.08378482132856563
3 0.9244545564783855 0.3098271957683488 0.021903865620842566 0.08321205493464434
6 0.944577173437165 0.3068922489052642 0.029991450788454 0.09042990400582196