3 0.2693244667332464 0.6686899708705505 0.05954117247326943 0.1300733510944737
11 0.2949954386647527 0.6548971190147995 0.056787864664147425 0.12107348819543406
9 0.3325325719759438 0.6587085568710307 0.05337930316422845 0.08257601243229651
2 0.3555235305398001 0.6187427294106482 0.0565515785773934 0.12639946882312247
0 0.3384579689034427 0.2802366526764871 0.05504698715203321 0.11607319621421011
4 0.3600187558732466 0.25705180936077354 0.04607105767502356 0.10252066630715162
12 0.39087487609657706 0.2572827647318371 0.0624356963406818 0.13587711415710302
7 0.5817223605435631 0.15689438728212757 0.05236728383814915 0.1067412494886853
3 0.6079326353350529 0.14903641019826058 0.050356646676602224 0.11319131697687071
12 0.6398524464883032 0.14205971643223575 0.05667276524255094 0.11561349991019089
0 0.8063017432984055 0.4327110711677326 0.060114663314838834 0.13859832750687284
3 0.8321979076894602 0.42475420682025544 0.05653147703796679 0.1281970428844083
13 0.8668233723356191 0.45052194790817934 0.05132179825166949 0.10886770978644594
10 0.8862417256652266 0.41126814853604776 0.058643401159569675 0.14092256233185368
11 0.5549732358652182 0.653470162333911 0.05847487092845571 0.12460964067400282
4 0.5787164864906155 0.6362480928170777 0.05150427793463308 0.12085330211864409
13 0.6098364521832738 0.6477856800518731 0.05523569106886761 0.12120110067296819
6 0.6260154525898366 0.6014380860853774 0.05101805975725404 0.11705552950498654