3 0.18515854188473063 0.697822799415039 0.039649308678865264 0.15504446947197925
11 0.21417524647284464 0.6844290035065292 0.03927759085276358 0.14515873625552922
9 0.249406425758799 0.6937467007883789 0.04473420079552429 0.09716835180207972
2 0.28508275757214585 0.6475370069808324 0.0397519030213449 0.1547229315621984
0 0.3857871949319045 0.20841831726067606 0.044578638873471466 0.15862053917463378
4 0.4172757997035788 0.1780414482937596 0.03690339613229898 0.14179805061606154
12 0.45046729668189767 0.17970353373883502 0.051691105037219576 0.1885502342802724
7 0.7054635717184561 0.06252244086779567 0.05194726813534001 0.12504488173559133
3 0.7394267649942445 0.059955709261380385 0.048437824769106075 0.11991141852276077
12 0.7803548996039933 0.0565237928575297 0.058249032879278406 0.1130475857150594
0 0.8405409414320739 0.454422784751059 0.058698691594910035 0.19061385106933676
3 0.8743160839492471 0.44616085551388907 0.05664153766242386 0.17725752668235445
13 0.90254786039822 0.4853693265420417 0.05336415667879779 0.14936467943590198
10 0.9280170462243427 0.4371981411539899 0.026659582819019145 0.18809595331874407
11 0.4744611140925197 0.7138534252321789 0.04725999880804571 0.15368601124130132
4 0.5054548151248723 0.6954950924325576 0.04014873898087257 0.1510832337315604
13 0.5336168543371109 0.7137193387186853 0.045466211599830886 0.15099493001879472
6 0.5686066449060834 0.6575263819986101 0.042034622073018224 0.14865839876662623