3 0.14743534865104094 0.5887444372168522 0.07425520561555028 0.13319468390952138
11 0.18091277909954823 0.5836110754991685 0.07076925208634227 0.12339883150979136
9 0.21606750638753847 0.6006223293516546 0.06597495215941293 0.07794392152971097
2 0.2619376011345762 0.5677929522902736 0.07057681342305949 0.12998782387783825
0 0.4397245120517229 0.21573635184618245 0.06857721161626873 0.11804592219875829
4 0.47451637145980774 0.19956447946785116 0.057489103096393046 0.1053449785203888
12 0.5050839024368123 0.2105808366391526 0.07785594173878863 0.13903675361841503
7 0.752728838421511 0.17461856537690507 0.06517442648568739 0.10781424441829822
3 0.7833280994009562 0.17574153758948372 0.06285665943184238 0.1165259229594799
12 0.8191010213244567 0.17976029365520607 0.07053455818821197 0.11679573735931474
0 0.8174782217721863 0.5350797099417037 0.07509768357382651 0.14333729652946597
3 0.8478218541957239 0.5359918371555307 0.07058397077379908 0.13218635760208747
13 0.867446599803398 0.5744343386237718 0.06394776007043534 0.11084873236141946
10 0.9093524373458137 0.5410847876312724 0.07335976004675926 0.14679347447009056
11 0.4403997198786018 0.6729807567471575 0.07287054521964503 0.1269908344241587
4 0.4739322267172189 0.6636678149852249 0.06437810903836771 0.1253734264744043
13 0.49825677111409084 0.6863364455225827 0.0688950739130258 0.12421319096850503
6 0.5410211609946699 0.6446023427913667 0.06372386151696818 0.12095296231889396