3 0.16261400000000004 0.571878 0.03747500000000001 0.143756
11 0.196409 0.5675219999999999 0.036806000000000005 0.13310699999999998
9 0.23879100000000003 0.587609 0.04572800000000002 0.08325300000000002
2 0.277158 0.5532429999999999 0.03457500000000002 0.14036799999999994
0 0.356681 0.172556 0.03613700000000003 0.127299
4 0.3884679999999999 0.156099 0.028328999999999993 0.11374600000000001
12 0.424158 0.169409 0.03948200000000002 0.15004800000000001
7 0.674771 0.13939999999999997 0.03569 0.11616699999999999
3 0.7074500000000001 0.14182 0.03056000000000003 0.125847
12 0.7464870000000001 0.147628 0.03859000000000001 0.125847
0 0.8541159999999999 0.538722 0.03524399999999994 0.15488900000000005
3 0.88646 0.5409 0.03390599999999999 0.14278799999999997
13 0.919027 0.583979 0.033460000000000045 0.11955499999999997
10 0.9530450000000001 0.548887 0.03234400000000004 0.15876099999999999
11 0.498104 0.6759439999999999 0.03792100000000004 0.13698
4 0.5306710000000001 0.666989 0.029445000000000054 0.13552799999999998
13 0.56335 0.692885 0.03457500000000002 0.13407599999999997
6 0.595695 0.648596 0.030113999999999974 0.130687