0 0.22364719062904526 0.5492371736513206 0.05863785780715183 0.10706930903451789
9 0.2815582339197865 0.5618708223653678 0.07355535198515531 0.06523231907050575
14 0.3317209706891293 0.5511356169370634 0.05704835926557611 0.08107950739058578
11 0.34957489146121945 0.4182385822041299 0.07036460139599393 0.09618072948088258
15 0.395298069633199 0.4243882363382039 0.051987254635755376 0.08660610249259754
12 0.43836219728219394 0.42190514284265146 0.06401852404933772 0.10060832360463717
8 0.3559269022420194 0.11777946644169027 0.05415601228536865 0.08140234041688164
3 0.3901594601346903 0.11967487435679504 0.05052657252663145 0.08666731824759602
13 0.42981562363365705 0.1390119243787137 0.04591737270517826 0.06643356446536393
6 0.46149434762769403 0.12278182334562421 0.04825987853818153 0.07484837678604706
4 0.47667991323949155 0.6723984517384156 0.059917349318899304 0.12095650171597627
1 0.5133303643575764 0.6809588344923028 0.050902599259703474 0.0942849945909574
9 0.5453302443383061 0.7089773426917958 0.04084656486714555 0.04093961998581508
10 0.5698189033941676 0.7008214580693117 0.0382299045486435 0.06538493552836588
0 0.7126493102709066 0.6790435685497782 0.04768672489519876 0.09274680499250876
15 0.7408111509258467 0.681629601939888 0.03690078241587402 0.07165189799148908
13 0.7642760611225354 0.7044026897433266 0.031277749033518765 0.06704317017743766
6 0.7810980554740783 0.6845088869290319 0.03645966433719994 0.07078982510488963
8 0.8506759100656511 0.6230836643934319 0.06678470304635653 0.11535177013594178
15 0.8874826987687383 0.6179296587906772 0.05456356666822593 0.10965739811327135
9 0.9324181198901367 0.6414535027109515 0.060520469038578106 0.07873108894444325
10 0.9642902825179576 0.6197238735285435 0.04206326193938481 0.1090896783265406
19 0.1394299454981388 0.5660328807182682 0.056190723382304825 0.029646053610186685