0 0.24056344282354697 0.5883458970337427 0.061334664283875545 0.10682661121217252
9 0.29418181494440554 0.5892839560715049 0.07136331585550643 0.06667849713383212
14 0.33868851692404567 0.5680654459581922 0.058261450211422205 0.08183062564680443
11 0.3422335588419246 0.428823036553803 0.07209371163675737 0.09812440616003315
15 0.3847032746979837 0.4253682975669336 0.05484271443087457 0.08803305807881867
12 0.4240873278877124 0.4135529703794277 0.06727450395153994 0.1026744609939797
8 0.3191824735649834 0.11840559511098717 0.056499680027376875 0.08228826210806517
3 0.3513175872183997 0.11433304961066806 0.053063728257287945 0.08391666669367415
13 0.3892814971901141 0.12253214420470734 0.048354202478218644 0.06919303404700029
6 0.4173807810267897 0.09936289900244649 0.050986543488658276 0.07580191187339858
4 0.4826927446614938 0.6614415243205917 0.06477645366252771 0.12111703820351072
1 0.5172236189834015 0.6627298149846148 0.05445154837909033 0.09469391879561362
9 0.5493137642312225 0.6847783804828651 0.040711987088819845 0.04179928092233587
10 0.571226033779674 0.6714898590088536 0.04059085645488292 0.06588881250768452
0 0.7024234587690961 0.6198700729120598 0.05231595454620874 0.094019171210586
15 0.7291111464019635 0.6167164605683421 0.04051091165416598 0.07272129464653387
13 0.7531590952356847 0.6352811937836125 0.03489407441061787 0.06789925921962381
6 0.7673165651382207 0.6113113414273049 0.04008202932315208 0.07196928681765513
8 0.8280084554206393 0.5331120814235887 0.0725546844313395 0.1184017592809335
15 0.8626406993526474 0.5199379128577484 0.06070402322616297 0.11239951170285623
9 0.9075596290913177 0.5348523054304092 0.06374807922041836 0.08168579810221349
10 0.9348546698460869 0.5057473120640635 0.04597291098555334 0.11118252164446463
19 0.1665668431698843 0.6224907745006543 0.05212553080702065 0.03088717369361249