0 0.23718591267710737 0.5692917463254392 0.04073851964727315 0.09913100586248547
9 0.2917839243092839 0.573370933799357 0.06185978179613588 0.057754316660864946
14 0.34222278183956795 0.5556144663773512 0.043618146623705556 0.07450115662370893
11 0.3783052274487374 0.42205325565698604 0.054730534554277954 0.0890032202426464
15 0.42246598395928714 0.4212787593715772 0.03827861601946897 0.08104996705240047
12 0.465407121727418 0.4122946203229304 0.04827948899639989 0.0941026643753457
8 0.4270472883210303 0.12190262036182294 0.04148252745735881 0.07712069323874873
3 0.4607806535455042 0.11696578118823563 0.03725355988246182 0.08511966647686284
13 0.49754194369956495 0.13117389543215652 0.03581774701492524 0.06296886602449944
6 0.5315613165221607 0.1096412711061554 0.037037379209781895 0.07131985534761053
4 0.4675560755611581 0.6539078133536105 0.04095471377239057 0.11293167572298402
1 0.5025100249047904 0.6571805547254452 0.036206885678186695 0.08780938478839995
9 0.5301382336476739 0.6802655355918569 0.034318045322324076 0.03667818445117632
10 0.5555898558733496 0.6687827974681158 0.028164244826271667 0.06075215420378599
0 0.7013595561785637 0.6269244608592981 0.03402263594981503 0.08732460794779284
15 0.7292855901161467 0.6254702071447253 0.026365729554684414 0.06753003831297233
13 0.7494920007163216 0.6447166150144605 0.021403121320828555 0.06341844191630719
6 0.7694591621310982 0.6225354916799437 0.026081712177574157 0.06682201074894623
8 0.8493229079865365 0.5510789236966372 0.050146276128705924 0.10904344015028888
15 0.8876043824776638 0.5404962439704928 0.03864613661546257 0.10451050470337564
9 0.9298609722100242 0.5574584974831888 0.049589587354789466 0.07350742371278307
10 0.9682994691697269 0.5308058237448265 0.030768076824013613 0.10538135742761562
19 0.153495323478991 0.5977468445748582 0.04970559733763563 0.024398740887935255