17 0.2324486385826484 0.3595043671611447 0.040543921190563104 0.08144917197060575
7 0.2688736635162221 0.3719036770945282 0.035940822621534196 0.08269527170692442
14 0.3054283447480415 0.3844631897824458 0.04632711111548177 0.08027395868470555
15 0.3765202278478851 0.8046258039259078 0.05452918418907626 0.08000621515180295
11 0.41668150066807497 0.8136698737912924 0.042043767247878006 0.07036859112156513
12 0.4572645608766104 0.8220797199471089 0.04456883189211869 0.07879718583775541
3 0.6778897158429021 0.8821800914006906 0.04487836347217278 0.07363657648973065
17 0.7145473091920853 0.8930198994915766 0.03949646487607561 0.07392208117261001
13 0.7526564798475568 0.9258563934311228 0.04228170435440193 0.08267045992410316
6 0.7874003378023892 0.9102021122562324 0.03899226142989054 0.07653149437266249
11 0.48668024411818644 0.37991577031931295 0.047444303409048594 0.07033806611334004
1 0.5216199938214198 0.38367017456412933 0.033523748150527055 0.0695511063764031
12 0.558090599397908 0.3874658615642582 0.045628252996014695 0.06809584902362803
15 0.6100247482878169 0.1409774137489968 0.04904103708778296 0.07276972078832558
7 0.6442941106595881 0.14517350494573877 0.031065731377253658 0.06813317205529815
9 0.6861506815702724 0.16866415347525068 0.05805170012211569 0.06772694664148132
10 0.7281761244743455 0.16984888448844268 0.039996385494353914 0.07430703843292757
3 0.8462871234485727 0.4648104307106643 0.04705902854681965 0.09595727223862599
8 0.8889599684134312 0.4790331236834495 0.05249629119198107 0.08719576076451885
12 0.933931823634869 0.4941306997967252 0.051668134418944356 0.09171555909440704
7 0.6307703359062136 0.5142375367311391 0.041524212807669714 0.0697275274940295
4 0.6623627396079366 0.5218269152243921 0.03213363393448321 0.06367854695042441
13 0.6950373855431413 0.5511884776699212 0.040246354399917306 0.06838135370650744
6 0.7310649773214932 0.5446241409172916 0.03718643413822764 0.06829841933151604
19 0.1373427847389781 0.33375491763439225 0.048353018400691034 0.02983897487485687