17 0.23976256930698758 0.46011481395298987 0.038155626704376805 0.08045830297384937
7 0.27357323800794664 0.4618712269070171 0.03390460286193875 0.0831346203880296
14 0.30750515219562125 0.46376506608847745 0.04349949119482166 0.07753522739605584
15 0.37654811890431683 0.9146941064870957 0.05108927512107414 0.07496424317647621
11 0.4137911880222894 0.9114013371176223 0.039458434168406165 0.067571228343688
12 0.45141977301290653 0.9072498646242606 0.04186063716471844 0.07635954397882017
3 0.6560941679258643 0.9009339260833955 0.042107342087096655 0.07046522892068363
17 0.6901080755775182 0.9008495945030346 0.03712805202892533 0.07227582643736119
13 0.7256352002297435 0.9251365924594364 0.03977353929410865 0.08135208996580767
6 0.7576734334652762 0.895753658841871 0.03668148413267269 0.07535244171307043
11 0.47523705973792846 0.3976356283772672 0.04445694154606916 0.06604247285869375
1 0.5076062876184606 0.3901216998349337 0.031565989893928115 0.06900868418131018
12 0.5413927959077232 0.3821393040277953 0.042758711436611474 0.06402120895281482
15 0.5875622230753486 0.08609238581311734 0.04595363273739861 0.06833765111065898
7 0.6193143458602104 0.07930321535724931 0.0292799116982575 0.06809285436613594
9 0.6582379948835336 0.09176693529048657 0.05425502415296024 0.060168254608650946
10 0.6971459319814284 0.07896457338942582 0.0375937478912961 0.07257079110428963
3 0.808744316302086 0.37257472797579294 0.044297902323132576 0.09498547515087752
8 0.8483520364262013 0.3742895034461119 0.04926307165957322 0.08361915852255192
12 0.8900944701893745 0.37621943440198424 0.04853138479033292 0.08893570157650027
7 0.6096428926795736 0.5009553153931392 0.038972590161104104 0.06699342914270312
4 0.6389433878382392 0.49890188255102863 0.030234010160997693 0.06278332808580162
13 0.669413511682261 0.5210903350974386 0.03777942137844026 0.06583180646949255
6 0.7027100708441436 0.5015485254036053 0.03494651591685938 0.06658517639878042
19 0.1515339002483931 0.46301633658234775 0.04498572603774437 0.020206170020864334