17 0.22422324399862015 0.40417169862356417 0.04065372140115858 0.08266099265187643
7 0.2626171449373063 0.41129351971288397 0.03571524755623459 0.08486868185702356
14 0.3011441387562308 0.41856891610222113 0.04684625428855499 0.08031855704783114
15 0.3638938496028933 0.8699082292407405 0.0555858308589936 0.0785419339956871
11 0.40636834170725844 0.8726487935448595 0.04259133063453935 0.07014893662946398
12 0.44931135520764576 0.8746125483114622 0.045019961126362806 0.0790045391415587
3 0.6823235751524371 0.901175909578231 0.045508272801755734 0.07324747362408668
17 0.7210130420081409 0.906532882724916 0.039770304674732526 0.07453455327372593
13 0.7605708532068134 0.935928614162516 0.04246605792770153 0.08369646414125931
6 0.7980383933213211 0.91236176382649 0.039153266877579807 0.07750833247078404
11 0.49423181751446144 0.38082124858476357 0.048341292524644974 0.06914018079606676
1 0.5313106295232062 0.37866077014938665 0.033546687141141174 0.07078405727679571
12 0.5700178102526903 0.37626951228235544 0.04647705520063883 0.06699096884042055
15 0.6328883212379848 0.09458509047422246 0.04996623148757495 0.0715382701402135
7 0.6692398951261969 0.09303359983493362 0.030973693059367702 0.0696613744917629
9 0.7130745174423472 0.11142794168161439 0.05971351605499409 0.06434044765410077
10 0.7577753251814917 0.10514933957228809 0.040290637996989176 0.07486957711263341
3 0.8744309990292143 0.40968380338058696 0.04714278086335444 0.09751254946861104
8 0.9194197693378854 0.41769200109999727 0.05320051638085865 0.08685160842090339
12 0.9668289780490431 0.4262516536295745 0.05217983318451247 0.0919943727383064
7 0.6434863082188408 0.5031986033544893 0.04205797767730268 0.06953452412907113
4 0.6768837632670075 0.5058791540594454 0.0322475868168246 0.06454732565782872
13 0.7107633036524079 0.53241712581675 0.04073908707361573 0.06827804849006003
6 0.7493176910981941 0.5186606184547601 0.03748426806908922 0.06873887640909565
19 0.12377277292234307 0.3928957751892874 0.05055491724662914 0.024234759983866982