7 0.160961 0.422337 0.029310000000000003 0.07285200000000003
18 0.188054 0.42371099999999995 0.023891999999999997 0.06872899999999998
9 0.21194599999999997 0.448454 0.035713999999999996 0.04673499999999997
2 0.24569 0.4328179999999999 0.030787999999999982 0.07663199999999998
15 0.343966 0.546735 0.03029599999999999 0.07079000000000002
18 0.36995100000000003 0.550859 0.024631000000000014 0.06254300000000002
12 0.396921 0.549485 0.031281 0.07491400000000004
0 0.561207 0.56134 0.03226600000000002 0.09450199999999997
0 0.585714 0.560997 0.02610800000000002 0.08075600000000005
9 0.616502 0.575258 0.03448300000000004 0.045360999999999985
10 0.644458 0.559794 0.02142900000000003 0.06872900000000004
17 0.409483 0.18299 0.03472900000000001 0.080756
11 0.447906 0.18075599999999997 0.04211799999999999 0.07078999999999999
13 0.48436 0.215979 0.03177300000000005 0.07525799999999999
6 0.516133 0.189347 0.03275899999999998 0.085223
0 0.6612069999999999 0.21168399999999998 0.031281 0.06804099999999999
4 0.691133 0.20790400000000003 0.026600999999999986 0.063918
12 0.728695 0.210997 0.03472900000000001 0.08659799999999998
15 0.7667490000000001 0.581615 0.036946000000000034 0.09931299999999998
1 0.7981530000000001 0.580584 0.028325000000000045 0.08281800000000006
13 0.8284479999999999 0.603436 0.03029599999999999 0.06872900000000004
6 0.86564 0.578522 0.038177000000000016 0.09999999999999998