7 0.20754558291380232 0.42267075473403093 0.028436188204211482 0.06987317399691734
18 0.23256487208511886 0.4258340540205804 0.023351861243667005 0.06565735959637131
9 0.2541946329289264 0.4505344802752255 0.03387483473916558 0.04600000767032686
2 0.28567545297761787 0.43832164094240145 0.02987208395473928 0.07349563992786379
15 0.3744224127281609 0.551227469960465 0.029309650891716277 0.06802173402600253
18 0.39836680829830573 0.5568743472530533 0.02392101929064777 0.059948740934786526
12 0.4233230253594298 0.5574703328960051 0.030296158214287827 0.0719302297408475
0 0.5749695850158993 0.5799326164347142 0.031567569685518104 0.09023780737258558
0 0.5976300251170726 0.5813173375947973 0.025621899957798844 0.07701021837719224
9 0.6258275234029012 0.5967371149878362 0.03271159170680027 0.0446350293583212
10 0.651954782808096 0.5842819608864389 0.021075079121873896 0.06548609424333207
17 0.4416874564168344 0.21708726948502283 0.03359109958101386 0.07760968188046122
11 0.4772466009488744 0.21767886582484114 0.04023783531877195 0.06884377990648563
13 0.5102955172783966 0.2530110958193525 0.030757297756273116 0.07228475175890925
6 0.5401569440354019 0.23042243471533988 0.03185234232401046 0.08163208042576425
0 0.6738509312470067 0.2613089708151957 0.03016953210113904 0.06553053431826572
4 0.7015839840421023 0.2598701902869472 0.025767407822642197 0.06136603694189477
12 0.7362490823773226 0.26536207645038634 0.03369873085600483 0.08304937643287252
15 0.7645978109255754 0.6131038090839482 0.035982369471921904 0.09504292608617992
1 0.7936464711120037 0.6143274936164758 0.027709270861891122 0.07908437979584759
13 0.8212299651804122 0.6377123766191128 0.029271679639104486 0.06610266342132609
6 0.8560690304405525 0.6171002181776211 0.03713295542008355 0.09576821419662684