7 0.16958322086925637 0.5694499093002874 0.031713126842225714 0.08681318201409982
18 0.19640257101349587 0.5586019312019295 0.026216695880298513 0.0801467439337793
9 0.2209211278633692 0.5727281002443314 0.037067755273307273 0.06335577246800395
2 0.25353622869172726 0.5418432708042835 0.033364449837476357 0.09113969080084944
15 0.35476911392880345 0.6121452189724468 0.03282379140630054 0.0855706915401131
18 0.3803806878794291 0.6045423480300217 0.02691939036786306 0.07460154633113758
12 0.4066659881115672 0.5910200778971593 0.03398957977427941 0.09007424045593615
0 0.5665729877746235 0.5293246521022489 0.03601027920006572 0.10995097961960337
0 0.5901483048721967 0.5180467604549781 0.029378876389766773 0.09323520185054535
9 0.6204850444644494 0.5185089856382161 0.035578078293701076 0.06118943659384091
10 0.6464673308657618 0.49077157799290416 0.02428480242300779 0.0788545828911093
17 0.4021690560532516 0.22233476497566662 0.03705601461578667 0.0946667176985497
11 0.4389753787786871 0.20363962653719153 0.04368647396812286 0.08789287683705063
13 0.4755777385125219 0.22237122894495026 0.03402680963547633 0.08796248064517728
6 0.5046781038012944 0.1828329570582772 0.03542416426044531 0.0979598513951771
0 0.6436013534023967 0.1427718045611475 0.033207671050794474 0.08016025806649169
4 0.6716401925779998 0.12645914808401393 0.028565568996528845 0.07403517769363424
12 0.7071810316625007 0.11362498057793145 0.03748435383742854 0.09967518539533468
15 0.7643362123263338 0.4584847337540474 0.0409407886900629 0.11636662114227453
1 0.79405104144726 0.4436413313551446 0.03179930738786729 0.0958491043975353
13 0.8240977590095069 0.45284731879998663 0.032862115868336095 0.0825967017661649
6 0.8576976451611881 0.41213705522975164 0.04219901140185289 0.1172178344425911