7 0.21852482236565962 0.3057040890482211 0.03832558039477191 0.08166679610709254
18 0.24228658935819858 0.31786791127144376 0.03282720482349746 0.07554017920796346
9 0.25924634799982105 0.35118358079922585 0.03956378461841714 0.05915910085555892
2 0.2917861488171064 0.34968087297533795 0.0402762545780489 0.08588703703560807
15 0.359486527672767 0.4983740187151051 0.03884879763958615 0.08008205049505929
18 0.38180016112676873 0.5127342000493967 0.032431591305704 0.06989771611888274
12 0.40591948261175914 0.5222108356517314 0.04042124073033726 0.08443517625272862
0 0.5494075044889636 0.5993518483529475 0.04461879281369052 0.10363302118682527
0 0.5711704426695428 0.608832300781861 0.0368314702447724 0.08797256399961484
9 0.5960170521580551 0.6348460851174601 0.0382403001443794 0.05734737748524066
10 0.6234014921067236 0.6311916557690351 0.030645840102335953 0.07455428409255482
17 0.47925984021079093 0.1754210643726453 0.044466689595618225 0.09142339704465724
11 0.5136685422146876 0.18865657236293004 0.049318994039736885 0.08481418693613244
13 0.5399748365149502 0.2370608986725179 0.040915378395563806 0.08496233907160147
6 0.5726356527096423 0.22421358714361728 0.043480252770100036 0.09492295284490762
0 0.6973291144805882 0.3037266091777492 0.03925450676072051 0.07783741662394028
4 0.7244748611720271 0.3120768311823636 0.034409743517589075 0.07200620800543306
12 0.7572167244869425 0.33008136787109 0.04545840498198539 0.09703144473145797
15 0.7280047029632315 0.7010897119673923 0.04958034828308311 0.11012467773558221
1 0.7559927859814612 0.7126704629585345 0.039145001356385545 0.09083941357212477
13 0.7789443932413314 0.7467338677058013 0.03849893022922979 0.07810358656447114
6 0.8161129250306352 0.7377048854625399 0.05078721028700206 0.11127691312903776