0 0.24754519414125387 0.45201612509024564 0.039847912324505685 0.09167435222788001
9 0.28662315914352665 0.4646633950426289 0.047889389304082874 0.06077046136819547
2 0.3257005293050379 0.4510074410870939 0.0375110283190771 0.08669517434529189
3 0.40335187753952695 0.28577889731020606 0.04213418741987074 0.07646456617163175
4 0.4345903946539865 0.2825008507863108 0.027232806042156443 0.0716405220101444
12 0.469800054340449 0.2741850498089759 0.037290986770996015 0.07261883834120739
7 0.6454971393091578 0.37850776385458684 0.038389717144769686 0.09039753352370311
1 0.6798597437118157 0.3780219101159138 0.03757429540285351 0.07843999822479047
13 0.7087099078229628 0.3999102566973284 0.031762930909310705 0.06905346249793559
6 0.7407396332287426 0.38039462574211585 0.03775324544080405 0.08211689566082914
15 0.5967573972074254 0.6504943072088175 0.037365534822693114 0.0741505817444843
7 0.6308339231060334 0.6510895407035294 0.028698679582802478 0.09218536603235328
12 0.6605098430545036 0.6512334669165728 0.034279668432857235 0.07770868068566483
11 0.7938889361077398 0.14219602899692363 0.04855116546308014 0.07914558120048751
3 0.8318834063429223 0.1460129220400394 0.0354909528794195 0.07867035276673534
12 0.8741303836671503 0.146157772185915 0.049305975855716944 0.08987715237132825