0 0.252396679485917 0.4200456817327801 0.041187882448081886 0.10234313843924236
9 0.2921245494193755 0.438624931876762 0.049179801520651545 0.06862635886487423
2 0.33202216805462176 0.4280607002218044 0.03877498745129426 0.09677820069654014
3 0.41219781298232483 0.2540647171415842 0.04341846553124312 0.08568795729647277
4 0.4440425665563985 0.25408299922564065 0.028206781649201818 0.07983526102118521
12 0.4799654579470292 0.24898359313642332 0.03845965878776403 0.08127894223637841
7 0.6582771814782252 0.3851015220598112 0.039694110135902516 0.10088476901806159
1 0.6932864435149755 0.3885785506393219 0.03878597411275009 0.08769555827574921
13 0.7225351253095713 0.4162015764974082 0.03280498721795688 0.0771534681897097
6 0.7552910680488178 0.39832141499805573 0.03899208904616125 0.09174857168459649
15 0.6068631467108968 0.6807614799079761 0.03854552335022787 0.08296737022774603
7 0.6415739710932347 0.6854029012457119 0.02983316683852799 0.10249867534058343
12 0.6718047019841815 0.6890300634566033 0.03542491199659237 0.08677050902373795
11 0.8109784117398546 0.14061304955384651 0.04997297856720595 0.08887261564107515
3 0.8496596867796405 0.14928182132287804 0.036665108591210194 0.08787304472021842
12 0.8926968881595256 0.15437896230565942 0.05081142812495443 0.10071042184868433