0 0.2628730416482534 0.3848204005540261 0.034033259438988994 0.1050696526141221
9 0.29950470087614944 0.4061939187936705 0.0424699087392128 0.07192002692065419
2 0.33530067503791794 0.39825544470755636 0.03202476909246749 0.0993446821450013
3 0.40204703087070226 0.22859268448899212 0.036635833444476795 0.0885779206471109
4 0.4309049200231555 0.23075892574512158 0.022973574943057573 0.08169553106833363
12 0.46328459946403555 0.22805093719278202 0.03226769036471061 0.08383501852984646
7 0.6294897924176486 0.3770360526194313 0.03272187150197192 0.10351079694373022
1 0.6613327495501032 0.38289583588163456 0.03234552929462575 0.09026924774846667
13 0.6887753790850948 0.4126621805858883 0.027255700580744002 0.07932816150351107
6 0.7178512690108414 0.39688091355908367 0.03239469574384757 0.09433338640639122
15 0.5929376620104501 0.6710539531934883 0.03228817241121007 0.08552808114243471
7 0.6245497137721392 0.6780651904367108 0.023680317312674393 0.10445335952523804
12 0.6520675305848528 0.6837537348294944 0.02931422222842328 0.0891164231379874
11 0.7595643827759293 0.14133717833456755 0.04250004266785401 0.0922057886760589
3 0.7949111418304837 0.15266843133937702 0.030406699365854828 0.09030246403449942
12 0.8340839125352151 0.16069979487241393 0.042859115310817875 0.10409215849839569