0 0.219951 0.434536 0.037438 0.10137499999999999
9 0.261946 0.450344 0.047537000000000024 0.06632300000000002
2 0.302586 0.43659800000000004 0.03522200000000003 0.09587600000000002
3 0.376232 0.254124 0.04064000000000001 0.08419200000000002
4 0.409113 0.251718 0.025123000000000006 0.07938100000000001
12 0.445936 0.243814 0.035714000000000024 0.080069
7 0.637192 0.368213 0.03596100000000002 0.10000000000000003
1 0.673522 0.36907200000000007 0.035714000000000024 0.08659800000000001
13 0.705172 0.394845 0.030048999999999992 0.076289
6 0.738054 0.374227 0.035714000000000024 0.09072199999999997
15 0.599631 0.671821 0.035714000000000024 0.08178699999999994
7 0.6357139999999999 0.673883 0.025615999999999972 0.10240499999999997
12 0.6671180000000001 0.6752579999999999 0.03226600000000002 0.08591099999999996
11 0.78202 0.10876299999999998 0.04729099999999997 0.08694199999999999
3 0.822414 0.114605 0.03349800000000003 0.08694199999999999
12 0.867118 0.116495 0.04753700000000005 0.098969