15 0.3172563596808053 0.4658308566684444 0.057752480220849445 0.10140277059251857
14 0.3664382324889721 0.4512969061954324 0.05931973826990122 0.090129567326939
0 0.4808689836451324 0.2194577350318004 0.045711303311855855 0.08592052728183669
17 0.5132860026208532 0.20756528669804789 0.04210583696431203 0.09439717022261146
12 0.55046208591581 0.19945990627686316 0.05173182204372484 0.09366118074339033
11 0.7869223941907273 0.26560019494205855 0.052225308742117615 0.08607909634732508
15 0.8206756143370687 0.2532944643864493 0.04390341569447376 0.09557218242303417
13 0.8491570774774684 0.27044050463489844 0.03328386304443631 0.06784449038985971
6 0.87957203412466 0.24254193661013085 0.05012482321729128 0.0968774138629693
3 0.4264142613848797 0.7046840998754104 0.0484265712701048 0.09325790610987772
4 0.45628098322120875 0.692732187137776 0.036043342230063335 0.0801459775313389
13 0.4888449070168305 0.7074283617722907 0.04707423117984649 0.08417681941262156
6 0.5222713103650833 0.6809736940173023 0.04944089606042634 0.10006918932660736
0 0.6258297458610032 0.49134495472751016 0.03750949426688455 0.07131671950921087
8 0.6528017437566385 0.4838508748208638 0.03507861110860144 0.07211197834448779
12 0.6859669883147352 0.4786825567069487 0.04367996251047168 0.07539137299015725
3 0.8073485620348227 0.6289337449277067 0.043467279776676415 0.09419923203671177
1 0.839490746523619 0.626287729007974 0.041577241760647254 0.08773612142208298
9 0.8841258758704611 0.6443743538435092 0.05889181545958222 0.07947731690285198
10 0.9253336945672308 0.609576066761716 0.04851006727912177 0.1078259657948144
19 0.22816831550303757 0.5361580589747754 0.05726873813146535 0.039782731921577