15 0.3386799012359014 0.4040526913775234 0.05544635692141631 0.08561181342292817
14 0.38589234226451324 0.41158788241837274 0.05703560206032987 0.0749509664028864
0 0.5499809753083267 0.26161650872689457 0.044102093933654496 0.07325773838130598
17 0.5818206589688119 0.2646134968052157 0.040633266945798274 0.08168873469875948
12 0.616826460184569 0.2727449641848134 0.04997728069383056 0.0796033647812939
11 0.8071174389521123 0.4241392059147463 0.050584983425150276 0.07242242503304691
15 0.84027903526523 0.42734478921392616 0.04257031185984106 0.0824767329774792
13 0.8606525708828507 0.45334475768380134 0.03227728500386928 0.058226729539876954
6 0.8951985444457755 0.44201730290200547 0.04864201882612729 0.08279827127865957
3 0.3697018137138808 0.6492394074171581 0.04641955654676394 0.07916481897883443
4 0.39917073844350454 0.6512015349648599 0.034543791056641626 0.06884673171798594
13 0.42377040923721343 0.6766573362377466 0.045179916160627165 0.0709733281817303
6 0.4603273869364749 0.6678540177706216 0.047464913663259556 0.0853401879480793
0 0.6031533488297561 0.549853739990007 0.036154818209892525 0.0606512655276622
8 0.628938938884411 0.5543987665047296 0.03382464851181077 0.06174660616146088
12 0.6595427223107261 0.5634020671326352 0.04215077150878099 0.06354739316816516
3 0.7250664776512388 0.7388204004248862 0.041946397872442476 0.08084246138700557
1 0.7540522006109911 0.7495385017310147 0.0401452404963899 0.07514291756904279
9 0.7883247466928407 0.782723462107619 0.056873220782513445 0.06501447874823119
10 0.8341420404347959 0.7700497391659751 0.04691957368448585 0.09274458949138631
19 0.24126769071682197 0.4275564455150564 0.055088904074691136 0.02853831153504971