15 0.296931870921233 0.4236356736068847 0.05705985078829057 0.08858450280625407
14 0.35070732633773594 0.41967670067274065 0.05966273709299358 0.07702195074484858
0 0.5240863045402624 0.22536928799996672 0.04473756708278798 0.07575120982565059
17 0.5600947132093725 0.22059805373577912 0.04006211276516436 0.08496632272374174
12 0.6000409849343159 0.22029813906978507 0.0508986660449382 0.08216740503966294
11 0.8254376785518812 0.3284022582679066 0.05202141090297441 0.07451103449089397
15 0.8629115775364342 0.3235062509854386 0.04198708342813229 0.08575062389183824
13 0.8878232950171949 0.3451075580362999 0.03217766944661171 0.060417846201792635
6 0.9256877020090535 0.324983239639558 0.048857006043061646 0.08571512697592526
3 0.3502124351139054 0.6682614718487004 0.04722706383881148 0.08247520951477894
4 0.38363051375871327 0.6629354946364479 0.03434347337049687 0.0720757569284124
13 0.41330903308841926 0.6830459104555797 0.04639515773784603 0.07372225460565152
6 0.45389737698794097 0.6648606529545977 0.047851036305136596 0.08904037697291423
0 0.6058844521728652 0.5078801432738057 0.036649379831241835 0.06296865501755561
8 0.6352594960051143 0.5061544142526072 0.03386697224292934 0.06428233004746309
12 0.6703933839632394 0.507814801230565 0.04325404006468958 0.06570196013953328
3 0.7577522396049127 0.6720150507751714 0.0416018265962963 0.08447700756624044
1 0.7912264822871491 0.6758328422501003 0.039970868469432985 0.0784465121683906
9 0.8324079985073906 0.7014750304020807 0.0599843122987036 0.06650598128137108
10 0.8829775536121643 0.6770138598047505 0.046225329353742683 0.09696457636374034
19 0.18879963680524053 0.47193498094434533 0.06115075107133572 0.027325343363156396