15 0.290631 0.400416 0.050259 0.09352300000000002
14 0.345807 0.401108 0.05408400000000002 0.08035999999999999
0 0.505873 0.200554 0.03878699999999996 0.08035999999999999
17 0.542611 0.19864899999999996 0.03305099999999994 0.09109799999999998
12 0.5838569999999998 0.202113 0.04452299999999998 0.08694100000000002
11 0.82737 0.344302 0.046435000000000004 0.07828200000000002
15 0.86561 0.34239700000000006 0.034962999999999966 0.09179100000000001
13 0.893472 0.368895 0.027314999999999978 0.06442700000000001
6 0.93062 0.350017 0.04206500000000002 0.09109800000000001
3 0.3697079999999999 0.678732 0.040698999999999985 0.08763399999999999
4 0.403715 0.675961 0.02840799999999999 0.07724300000000006
13 0.43635599999999997 0.701247 0.040698999999999985 0.077936
6 0.47650899999999996 0.684794 0.040698999999999985 0.09490799999999999
0 0.618137 0.5239 0.03168499999999996 0.066851
8 0.64832 0.524766 0.028680999999999957 0.06858300000000006
12 0.684786 0.529962 0.03824099999999997 0.06927599999999995
3 0.791177 0.7216829999999999 0.03469 0.09040499999999996
1 0.8261399999999999 0.729131 0.03359699999999999 0.08382400000000001
9 0.87121 0.76169 0.05544899999999997 0.06858299999999995
10 0.92106 0.739176 0.03824099999999997 0.10391400000000006
19 0.183644 0.444083 0.060502 0.02470699999999998