15 0.6134299181141931 0.5370472015902116 0.05996912718099989 0.09308896256560173
15 0.22040534154589952 0.09194404763573599 0.05925344016943365 0.09150113253728011
18 0.09513050663454102 0.5465046639328228 0.06148498230266994 0.09174448882127662
18 0.12602552941796102 0.5500701555650245 0.059726055790737656 0.08696287101121347
18 0.5152181307705864 0.08392541096020244 0.06768879481136064 0.09599961363598356
2 0.7373660814349438 0.14939369245584516 0.07228763631911361 0.09374215782942458
8 0.06939101456013272 0.5509231739875398 0.05504228928065523 0.08670759267774042
8 0.48680947460175444 0.086466827662717 0.060229480632277954 0.09563671543167349
17 0.19406977005762532 0.09528494391148891 0.05201440466182464 0.09284612314239252
12 0.26095942301691355 0.10659777630520277 0.059118795305301564 0.09478426666053749
12 0.5559692257726765 0.09869999057221056 0.06282671920793004 0.09911729175536385
12 0.6527848362725646 0.5397075560671234 0.061205863061261634 0.0931559030248234
14 0.1704623151479975 0.5558305250318385 0.07092252264417187 0.08406008931611197