4 0.23913539322918625 0.14612798793213463 0.04871245657745582 0.17115060327625542
18 0.2722907133648915 0.12667914928519372 0.03452332919678208 0.10438156601160431
18 0.47592412269487216 0.14783862575353293 0.04044090472136508 0.08967481960854697
18 0.5559820648415976 0.6362138987898174 0.041301866751494276 0.08515781730113225
18 0.837032707079497 0.49326430430064155 0.04020051744679254 0.11863421329728985
17 0.11310169629326658 0.7318209480535981 0.0350842472977881 0.17036705063698143
17 0.4430314020798455 0.1465377539019216 0.021462321214692437 0.09824057391262592
17 0.799040149714269 0.4906888664843674 0.022168692917855615 0.14009694398332423
14 0.18631012514559653 0.7256147842159882 0.036411855914111224 0.12264745293019486
14 0.5122550160272367 0.13288638309787865 0.03821241837096667 0.08214226224882698
14 0.8993326562115147 0.43159763237595666 0.07685487416439607 0.1492235904184488
1 0.5028215731191817 0.6295158772575371 0.05616657249651286 0.1365338976995213
8 0.5779205422129068 0.10876762582202502 0.03812536841136316 0.10872800992249979
15 0.619246476327552 0.10503550905351727 0.036069646372471786 0.08634006741918161
15 0.14683934754236533 0.7255706722330553 0.05210164412950294 0.13556903660937847