4 0.30104010924324087 0.15983752632772655 0.05594036005935532 0.17124313872200908
18 0.3411865525386427 0.13869266474225575 0.03934145747464496 0.10405176643351281
18 0.5531964053140014 0.15180498405908383 0.04593002185984396 0.08898548728317036
18 0.5271579514451252 0.6501149756238551 0.04827447253150863 0.08905131095083318
18 0.8615205917251164 0.48725892016435146 0.049415063802946024 0.12149262114722675
17 0.018177992729356957 0.7760081554415348 0.036355985458713914 0.182285275929705
17 0.5185454766314608 0.15182400259196532 0.02608479697373789 0.09796022604325427
17 0.8215247239228587 0.4864750967301499 0.0313267020994108 0.14386213145582422
14 0.0986338375365858 0.7650935788412792 0.04285505938960697 0.13084036069073313
14 0.595060907161107 0.13537737328259775 0.04336311514819202 0.08128731411893902
14 0.940653900725064 0.42117147939297295 0.08991037015355685 0.1512262897422028
1 0.47086161411892447 0.6459762310288986 0.06624244616253461 0.14293567658103312
8 0.6699551649480238 0.10753852303244626 0.0447832824033364 0.10992389459822881
15 0.7140947059451127 0.103439574154713 0.0415206965002215 0.08504911023074097
15 0.054744351316956125 0.7672787448172538 0.06024159371660912 0.14467395669033134