15 0.5645259593747907 0.5259569670129642 0.04286941809836786 0.10162740151780103
15 0.28164117404972955 0.051922586730656105 0.04071926183590785 0.08192880552366492
18 0.09239278279193774 0.45268054624143206 0.049988167312577214 0.10448608775105567
18 0.12058740452174993 0.461358583127631 0.04860896848409024 0.09917335692026102
18 0.5260687378283235 0.0935054437907733 0.04335781235457914 0.08706206246256232
2 0.700395517355862 0.18429605090113718 0.04618757006702878 0.08928765498057456
8 0.0729303954372916 0.4538081602156331 0.03340224742102216 0.09690404777830336
8 0.5025974988970957 0.09034016252824029 0.03808069504196854 0.08741833583859558
17 0.2588894500727209 0.04965780976531282 0.034896872664678724 0.08376762870434278
12 0.3132052916715382 0.06874543336830662 0.041145556237605074 0.09031938679436635
12 0.5575986046723951 0.11134628003143884 0.03905930921634504 0.09231088468136898
12 0.5988758092738689 0.5347343651144815 0.04323932046403056 0.10162827745790798
14 0.1609077694989019 0.47450691890787255 0.05903064576463715 0.09747898055609389