15 0.5813009999999998 0.534284 0.02926799999999996 0.09771100000000005
15 0.333333 0.074016 0.029268000000000016 0.089139
18 0.074797 0.535999 0.030894000000000005 0.09771100000000005
18 0.104065 0.540284 0.030894000000000005 0.09256799999999998
18 0.608943 0.074016 0.03414600000000001 0.09256799999999998
2 0.796748 0.14344200000000001 0.03739800000000004 0.09085400000000002
8 0.047967 0.540284 0.026015999999999997 0.09256799999999998
8 0.582114 0.075731 0.027642000000000055 0.09256800000000001
17 0.307724 0.076588 0.021951 0.09085400000000002
12 0.367073 0.089444 0.028455000000000008 0.09256799999999998
12 0.6426830000000001 0.089444 0.028455000000000008 0.09599600000000001
12 0.618293 0.537713 0.030081000000000024 0.09771100000000005
14 0.145935 0.5471409999999999 0.04308899999999999 0.08913899999999997