4 0.246748 0.118853 0.03495900000000002 0.179482
18 0.285772 0.097678 0.026828999999999992 0.108899
18 0.508943 0.11784499999999999 0.03577199999999997 0.09276599999999999
18 0.55 0.644191 0.038210999999999995 0.09276600000000002
18 0.876829 0.48185 0.03495899999999996 0.12704899999999997
17 0.032927 0.762165 0.018698999999999997 0.19158200000000003
17 0.472764 0.116836 0.013820999999999972 0.10284899999999998
17 0.834959 0.47983300000000007 0.01300800000000002 0.15124900000000002
14 0.11829300000000001 0.75309 0.026829000000000006 0.13713200000000003
14 0.550407 0.101711 0.03414600000000001 0.08469899999999998
14 0.950407 0.414292 0.07317099999999999 0.15729900000000002
1 0.4906499999999999 0.638141 0.04959299999999994 0.14923200000000003
8 0.624797 0.074487 0.03170700000000004 0.11494900000000001
15 0.6703250000000001 0.071462 0.03170700000000004 0.088733
15 0.072764 0.754098 0.043088999999999995 0.15124899999999997