15 0.5719486716602427 0.5392097783659767 0.052285797570146286 0.08728360539685437
15 0.4557100087017103 0.12027853991231388 0.05011140881470949 0.07980785084893398
18 0.0956018110956372 0.504907687716159 0.05381358932812323 0.08739852485575156
18 0.12201512202328105 0.510713243137045 0.052509006807216596 0.08291324654964383
18 0.7146735304827827 0.1397576002239046 0.05556459032317074 0.08314308546743818
2 0.8735246351775322 0.21357827170182303 0.058185397552747986 0.08187812232093769
8 0.06930536677174955 0.506748451128919 0.04792563153328575 0.08256848817295231
8 0.6890299365280095 0.13935710332961937 0.04945342329126279 0.08268340763184956
17 0.4309953402228951 0.1207116689824359 0.04367137585196701 0.08078638746141466
12 0.48349866357945287 0.1361181168276166 0.050217319170251185 0.08274086736129814
12 0.7424621853605252 0.15559717713920734 0.05108687174300397 0.08573047148988787
12 0.6058365977203515 0.5448147076357869 0.05304969344913468 0.08734106512630291
14 0.15961687078456774 0.5196525349121363 0.0630976387575134 0.08078466624955977