4 0.31044847636968587 0.14352171520088566 0.06711083999267414 0.170920180506565
18 0.3508634952807933 0.12265009433695223 0.04605799156235851 0.10406382440223148
18 0.5587705397201959 0.1353618661068469 0.051242404950954334 0.08922743259750243
18 0.5149186168446213 0.6239857942034204 0.05337814568209759 0.08889107177568767
18 0.8461915070516455 0.4621108361682579 0.056120069939464945 0.12003242503312
17 0.015971383256582854 0.7535760692998712 0.03194276651316571 0.18127207226423925
17 0.5248287008376015 0.13542267743116373 0.03228348500845635 0.09707735365429193
17 0.807528852261225 0.46163914252250055 0.040061654205118535 0.14108614809365083
14 0.08815227913240693 0.7417657201152823 0.051472043907240084 0.1304185392303746
14 0.6003328531334893 0.11920397966650625 0.04813675038089804 0.08152754628688551
14 0.9250812649905296 0.3972441403476566 0.09727004438477305 0.15051576539194245
1 0.45992572821407207 0.6204844723983494 0.07476535129300138 0.14238836855892678
8 0.6743762788431775 0.09242765063108185 0.05111765886715769 0.1083080206031416
15 0.7176257734649174 0.08784911334660303 0.04639912114551625 0.08494222287556996
15 0.044407495623825524 0.7444566879462833 0.06984424347094079 0.1448324612114147