11 0.3623607366061966 0.367841403786792 0.0350508481492417 0.08728847418722968
11 0.38910299052522795 0.3623815570972325 0.0419196877926542 0.08944837872549533
17 0.8882175028025969 0.5413960343587569 0.02507660200302886 0.07731636975835143
17 0.6298894016447389 0.6064769884273957 0.03838239072544469 0.07788146792895834
2 0.47663580708835207 0.5095060643081111 0.03817653391494913 0.056906661343018805
1 0.7525115691051112 0.17036567120050772 0.03628472887293388 0.0788302601521696
7 0.30433293790246035 0.6516822776541102 0.041487797228244694 0.08569366781957088
8 0.9151615470407138 0.5309804315445523 0.048898090838644714 0.06698058132928303
9 0.6614029356741612 0.5979075554452279 0.04478483736606664 0.050406499793715254
12 0.7867532984547234 0.17005348973202242 0.03786121602136505 0.06056044622268869
18 0.3540571961534306 0.1650423350488141 0.04277645965322563 0.0649216028172718
9 0.2612584647651556 0.17880885674660538 0.04817817091180601 0.06072184028827737
5 0.29420766983735525 0.17374188167485255 0.03631211972357806 0.07267333466855005
5 0.0604785975719332 0.9616333215771582 0.03315193151948924 0.0767333568456835
19 0.8495197941835679 0.6156237174080454 0.026790043404682495 0.028261928410772907
2 0.4130308421572908 0.9345651317431343 0.036394189956022116 0.05420166868656018
2 0.3006019814665015 0.9559116103884425 0.035646981498028474 0.05410074266030551
10 0.38381767937505923 0.9391274766836146 0.03176697568659048 0.05234454222705798
14 0.44539090609634124 0.93142635783291 0.03863581533000299 0.05450444676532373
18 0.16646339759598242 0.970949938265142 0.03222625710164434 0.049942327649362905
19 0.17431573845485554 0.9378531898083922 0.03727825034774859 0.023517077763585803
18 0.07997490298443129 0.9746227557487745 0.03208229358017456 0.04869075734738815