19 0.2210797519670748 0.028049891839927465 0.02326902762549929 0.02843654068934661
17 0.20316108257665516 0.03550697630163521 0.04220537231169211 0.07101395260327042
17 0.35821984704606824 0.4458998562742308 0.02184803762514298 0.06587915267611605
14 0.4536681104062753 0.08246572414549967 0.04099977394628357 0.08514045112380961
14 0.3293274664986434 0.8642699457196991 0.04140164006808644 0.09344644111640532
14 0.45865595746073634 0.885779628627062 0.033452162032554855 0.07187787090594766
2 0.13732037313201256 0.39859258353084764 0.027848832258755188 0.062355902458975265
2 0.603580479957898 0.516425426095642 0.02636266218573291 0.06200820155935227
12 0.5932090477342605 0.20433703456337154 0.028133936831940876 0.05913781673182392
12 0.8310532240847228 0.5661453369315693 0.03248021836796211 0.07000902706195866
12 0.3951451086399639 0.45628834685328684 0.031680887386346945 0.0747482557334761
9 0.10890935185071321 0.3989437754035565 0.03744829052630594 0.048177828771144904
9 0.5795143877835691 0.5186679185496522 0.03916345083099104 0.05022149775924922
8 0.08819213220812383 0.3792257148513096 0.02779271791723241 0.06726995627460808
8 0.3733666523494772 0.452942651897235 0.030194717313324515 0.074400554833853
8 0.4018370953346584 0.8751107327359189 0.03654126372721672 0.08409734842494065
7 0.42967472703306586 0.878999247246222 0.03539631256890258 0.07561750798253342
7 0.807331969686939 0.5544721699399133 0.03762556767843617 0.07613905933196807
14 0.9233971586748765 0.583376054181181 0.034368122959206104 0.07866174325987352
14 0.46956064192592784 0.36785314546750014 0.020988191040014648 0.05418122650655749
19 0.8810015968607633 0.6276920869446598 0.022754932820650886 0.029958658328016474
19 0.36228297894221234 0.8614828882248948 0.03047088775894824 0.028479077098980232
19 0.3595044471604255 0.8905740397903965 0.027213443039717955 0.031001761026885344
0 0.4546702954194942 0.3617461268888504 0.030652697776649973 0.07779249101081598
0 0.5717731627875331 0.19844717363640585 0.02676439670395414 0.07031321685764427
0 0.5600557004113903 0.4896218196725658 0.03259684831299814 0.08153212808740168