14 0.506579 0.046696 0.020472000000000046 0.04374
14 0.179877 0.744178 0.02388399999999999 0.05319799999999997
14 0.503167 0.757773 0.020472000000000046 0.044923000000000046
14 0.739024 0.68034 0.026442999999999994 0.04610499999999995
14 0.408056 0.5337510000000001 0.021324999999999983 0.04374
14 0.9544089999999998 0.627143 0.01876599999999995 0.04374
14 0.722817 0.9215039999999999 0.017912999999999957 0.04610499999999995
1 0.710448 0.9285970000000001 0.013647999999999993 0.04374
1 0.387158 0.541435 0.022177999999999976 0.044923000000000046
1 0.42852899999999994 0.7790519999999999 0.021324999999999983 0.04019399999999995
15 0.159831 0.753044 0.023030999999999996 0.049651
15 0.487386 0.052607 0.021324999999999983 0.041375999999999996
8 0.21954199999999996 0.31682200000000005 0.023030999999999996 0.04019400000000001
8 0.49890199999999996 0.38893500000000003 0.02047199999999999 0.04019400000000001
15 0.388864 0.7825979999999999 0.023884000000000016 0.042557999999999985
17 0.734759 0.28490399999999994 0.02132500000000004 0.04492299999999999
17 0.628559 0.529022 0.020472000000000046 0.03901200000000005
17 0.849062 0.642511 0.014500999999999986 0.03901200000000005
19 0.427137 0.442515 0.013247000000000009 0.013004000000000016
19 0.464945 0.132716 0.012695000000000012 0.011474000000000012
19 0.599344 0.426069 0.013247000000000009 0.012239
19 0.669166 0.737015 0.016005999999999965 0.013004000000000016
19 0.876698 0.6501950000000001 0.014903 0.012239
19 0.910642 0.649813 0.014351000000000003 0.013004000000000016
19 0.9109180000000001 0.639868 0.013799000000000006 0.013004000000000016
1 0.889392 0.642163 0.01710999999999996 0.04513100000000003
1 0.859311 0.647518 0.014351000000000003 0.03901200000000005
0 0.713873 0.678498 0.02263000000000004 0.04589600000000005
0 0.476812 0.760346 0.020973999999999993 0.04742599999999997
18 0.939344 0.638339 0.014351000000000003 0.03289200000000003
17 0.930512 0.636426 0.013247000000000009 0.03977699999999995
17 0.6986949999999998 0.930161 0.017661999999999956 0.04589600000000005
14 0.658955 0.515949 0.01655799999999996 0.03901200000000005
1 0.644604 0.520156 0.013247000000000009 0.04589599999999999
5 0.662542 0.604681 0.01710999999999996 0.03901200000000005
19 0.44972499999999993 0.77769 0.01183099999999998 0.009611999999999954
19 0.45339699999999994 0.766382 0.01183099999999998 0.014135000000000009