2 0.09245921001175794 0.6951276779384516 0.07495932338732303 0.11883352730673591
2 0.4791975553776098 0.07459359479078141 0.05275993350039854 0.07307026500230235
17 0.38257254571861726 0.12620998054764723 0.0306985853113263 0.06781017966456142
17 0.46881876315037097 0.7139078850184952 0.037713636699990005 0.08701040643687452
17 0.07328431802319706 0.356487107072622 0.03892712215579671 0.07209230843925518
9 0.4314471990793573 0.11344086504514192 0.06402924937950805 0.06338442174751964
9 0.6514295340504067 0.6348754280270947 0.06585762201029244 0.06433590646480625
13 0.3363436480939294 0.9094972645468586 0.04743955880848816 0.07755855257939093
11 0.16862747042643805 0.29953836580572113 0.0574964682837428 0.08279216607137124
11 0.07551747463645583 0.48130795554933403 0.031116822013508696 0.04625680174255198
11 0.2398514743630268 0.931715780103699 0.043213074872584356 0.07328554611788596
11 0.6041835769799381 0.8234399015124402 0.05521773263241281 0.07331292916588694
13 0.26110152808959236 0.2627463527861347 0.04727481560804561 0.07021581085044223
18 0.21194125490874888 0.2743313529231983 0.05224988265295802 0.06762137039473792
18 0.10842990200245511 0.4641803355443662 0.05407825528374226 0.06857285511202454
18 0.6241294177119832 0.27313360751032134 0.05099124869650884 0.06903992270438233
18 0.5885252226933166 0.6556119504120038 0.049613239086270466 0.07661619017529353
7 0.11234145417619165 0.3328288771212734 0.05784091592479973 0.08089787140308341
7 0.807080945489453 0.6405289681200165 0.05087187304271945 0.07519763786564893
7 0.7375741842076071 0.4027377493044303 0.056522594141455884 0.08539528129336121
0 0.2837349975196729 0.9088788042481074 0.062398387227459995 0.09985634521405218
0 0.3716665615017212 0.4745051990679666 0.06349249702947735 0.09109596237769946
5 0.1466724670853668 0.4649427179886473 0.04396165798159292 0.06641809920067737
5 0.880985657024661 0.6120676869078551 0.049553551259375994 0.07969504775592662
4 0.20158828886569385 0.9564592849583076 0.05685380055422329 0.08708143008338498
4 0.510321326039821 0.2190415742624035 0.05692672960940759 0.08042212904444015
1 0.2361333147770058 0.5397046384059533 0.07593319752960986 0.116230412084746
1 0.5006157964729434 0.7006936206670143 0.051607214923438394 0.08491086416843219
1 0.8354528247179147 0.6237651205869738 0.04166968110197333 0.0735195355151852
14 0.6551188350988506 0.8042653899273691 0.03916565441736475 0.05977596691448184
14 0.6714747785363429 0.24116290648635902 0.056986417436302284 0.07734327146380685
6 0.4324112938152598 0.4362278439794929 0.06532086966026157 0.09204744709498619
6 0.17520018649521032 0.42743396630759195 0.04784455428238088 0.07258584787737343
6 0.3715259080921979 0.871857371042033 0.05195166256449524 0.08301656950014424
6 0.9026101024674877 0.5608194721815709 0.040980566773848315 0.07730721364952042
12 0.609838215646181 0.15592051510799548 0.049103188238829865 0.07116729556772891
12 0.8316061749676251 0.34247205550412263 0.055204272358112205 0.0898926911836389
15 0.5371285326730206 0.8590017078368691 0.06544024531405113 0.08588973193371974
15 0.298497191847232 0.5145826760174846 0.07200493368216881 0.09656220651783487
15 0.545496198025168 0.682003526206872 0.05794683130428868 0.09131991825956887
10 0.7030680077316749 0.5886717245197852 0.05229611020555236 0.08112227483185663
8 0.4703196201320109 0.24519048589368717 0.0739526819667426 0.0913559760738552
8 0.6966815152837075 0.4380162805486102 0.09325822998134847 0.11176950755565812
8 0.5862410632951305 0.299516508538904 0.05716612187691672 0.06810623506657049
3 0.560266646857265 0.18505045350409816 0.0548732849913558 0.07520722383417469
3 0.7804020011477211 0.3797837868044056 0.05737709262995361 0.08894988123263792