18 0.135667 0.37451200000000007 0.04631800000000001 0.044213
18 0.445209 0.671001 0.05083700000000002 0.06501999999999997
18 0.705608 0.271782 0.042928999999999995 0.05201599999999998
18 0.23903600000000003 0.241873 0.04292900000000002 0.04681400000000002
17 0.7067380000000001 0.6378409999999999 0.024854000000000043 0.06371899999999997
17 0.0837 0.378414 0.021464999999999998 0.04681400000000002
17 0.630482 0.061769000000000004 0.016946000000000017 0.04291300000000001
17 0.33545100000000005 0.068921 0.014334000000000013 0.036411
8 0.158826 0.591678 0.06778299999999998 0.07802299999999995
8 0.753056 0.459038 0.051966999999999985 0.062419
8 0.3606269999999999 0.06502 0.03983399999999998 0.04681400000000001
9 0.81406 0.46423899999999996 0.06326399999999999 0.03901199999999999
9 0.470627 0.8712609999999998 0.07908000000000004 0.04421299999999995
9 0.773391 0.095579 0.07682100000000003 0.053316
1 0.491527 0.6671 0.03954000000000002 0.07282199999999994
1 0.423744 0.423927 0.028243000000000018 0.062419
7 0.539687 0.17267299999999997 0.04322300000000001 0.054058999999999996
7 0.391856 0.6728589999999999 0.06942599999999999 0.06390499999999999
0 0.21361799999999997 0.585176 0.05083699999999999 0.07542300000000002
0 0.04755 0.384265 0.039540000000000006 0.061118000000000006
0 0.365564 0.423277 0.049707 0.08192500000000003
15 0.26389 0.575423 0.04970700000000003 0.06892100000000001
15 0.194977 0.246424 0.040669999999999984 0.05071500000000001
12 0.324329 0.564369 0.044059000000000015 0.08582599999999996
12 0.289308 0.238622 0.03502099999999997 0.05071499999999998
13 0.405104 0.055917 0.03615099999999999 0.049415
13 0.8005040000000001 0.656047 0.047448000000000046 0.06892100000000001
3 0.126065 0.243173 0.04518899999999999 0.05981799999999998
3 0.39041799999999993 0.861508 0.070042 0.08452499999999996
4 0.661549 0.640442 0.05874500000000005 0.09232799999999997
4 0.711821 0.47009100000000004 0.03954000000000002 0.058518000000000014
17 0.583893 0.169515 0.01452500000000001 0.051086999999999994
14 0.6202050000000001 0.170444 0.03550500000000001 0.05294399999999999
14 0.22682199999999997 0.374327 0.041153999999999996 0.04830000000000001
5 0.668218 0.077559 0.04599500000000001 0.045514
5 0.326883 0.249396 0.033084 0.04365600000000003
5 0.18123 0.380829 0.03711900000000001 0.05015799999999998
11 0.49109499999999995 0.170908 0.03066399999999997 0.053873000000000004
11 0.750122 0.6255810000000002 0.04357500000000003 0.06966400000000006
2 0.472939 0.417983 0.03954000000000002 0.059446
6 0.861076 0.444455 0.037926000000000015 0.06223299999999998
6 0.365616 0.226175 0.03469800000000001 0.039941000000000004
9 0.771506 0.265651 0.07020400000000004 0.03715400000000002
16 0.534669 0.66645 0.04680200000000001 0.041798