17 0.160779 0.472785 0.010185 0.03281899999999999
18 0.170964 0.4764999999999999 0.016666999999999987 0.03281899999999999
14 0.186705 0.477739 0.017592999999999998 0.024150000000000005
4 0.188094 0.5978700000000001 0.02129700000000001 0.05635000000000001
3 0.207539 0.6083970000000001 0.01944499999999999 0.04025000000000001
12 0.23254 0.596631 0.022222999999999993 0.051396
12 0.21703 0.7523689999999998 0.025464000000000014 0.06068499999999999
17 0.19063999999999998 0.761347 0.015277999999999986 0.05263499999999999
1 0.169112 0.75949 0.03148200000000001 0.05882699999999996
19 0.425137 0.770017 0.017593000000000025 0.01671900000000004
1 0.496203 0.737817 0.025464000000000042 0.04644300000000001
17 0.529306 0.735959 0.015741000000000005 0.050158000000000036
14 0.5480560000000001 0.7427700000000002 0.014352000000000031 0.024150000000000005
8 0.5154159999999999 0.547093 0.022222999999999993 0.03777300000000006
17 0.539491 0.538733 0.014815000000000023 0.03963099999999997
1 0.5647230000000001 0.54121 0.013426000000000049 0.033438999999999997
3 0.5797700000000001 0.5362560000000001 0.02129700000000001 0.03715400000000002
12 0.605696 0.536256 0.02129700000000001 0.049539
17 0.6945869999999998 0.405907 0.011110999999999982 0.02910400000000002
7 0.711949 0.495387 0.02176 0.05077700000000002
18 0.708014 0.405288 0.01759299999999997 0.03405799999999998
14 0.726995 0.407765 0.016666999999999987 0.03158099999999997
1 0.7394959999999999 0.504675 0.02777799999999997 0.04830000000000001
12 0.7753760000000001 0.497864 0.025464000000000042 0.06811600000000001
17 0.808016 0.5941540000000001 0.01388900000000004 0.04025000000000001
18 0.823988 0.594464 0.02176 0.032200000000000006
18 0.842507 0.592606 0.02176 0.03467699999999996
12 0.805007 0.768159 0.02453799999999995 0.04520400000000002
19 0.782552 0.6136599999999999 0.015741000000000005 0.01238499999999998
19 0.786025 0.603133 0.013426000000000049 0.009908000000000028
15 0.767043 0.778376 0.02083400000000002 0.03839199999999998
8 0.735098 0.778996 0.02176 0.03591599999999995
4 0.813803 0.876215 0.030093000000000036 0.06192299999999995
8 0.844128 0.881479 0.026851999999999987 0.051396
9 0.881397 0.902533 0.031945 0.03901200000000005
2 0.917046 0.887052 0.025464000000000042 0.048919000000000046
14 0.9186670000000001 0.707784 0.03518600000000005 0.07926199999999994
19 0.9933619999999999 0.707474 0.013275999999999955 0.011765000000000025
19 0.99313 0.719859 0.013738999999999946 0.013004000000000016