18 0.3252817142311091 0.18228035216424185 0.019606377910711292 0.09876241423941318
18 0.15373279349514046 0.23146906940588036 0.01873950779557082 0.08824542393694465
9 0.1715258647471569 0.24014069918890643 0.02968841514242232 0.06991997433410907
9 0.347258166162852 0.18774830094424488 0.028952229638613658 0.06285358738520871
17 0.1427474032667504 0.22567423610223353 0.017234891410671832 0.1098563764307593
17 0.3030048854473674 0.5327198581751322 0.020869056075470294 0.11963348964943354
17 0.4338525351739574 0.45747720650719975 0.01905719934991007 0.10878775510846406
17 0.31082098638802674 0.1794428841214963 0.022350949106391682 0.12185158443496413
17 0.738871295209502 0.3767182038671846 0.019781075259292624 0.12776785142261865
10 0.19630938646155027 0.20004753776074752 0.024370677748188824 0.12595935301652916
6 0.3719372873239399 0.15118817136603338 0.024657595350079053 0.10903346424216258
4 0.5680666375967803 0.0628516206196663 0.021363808139470697 0.09596865286483656
8 0.7417406167182256 0.02967335326426813 0.022176251757810572 0.05934670652853626
8 0.6783383140465467 0.35756337296333923 0.017543565722038967 0.06910013507721624
8 0.779915376213135 0.6124636052684763 0.0192773434064466 0.09013509773297934
7 0.9245407972328306 0.4406357170507781 0.022702706964633945 0.10664985366205293
19 0.7475787183381684 0.6175932155724637 0.018445468785583286 0.043874368735085656
19 0.5698695145334949 0.011294412512392639 0.014954298326542825 0.022588825024785278
15 0.5826607520086626 0.33321086542995976 0.013768051053163477 0.06316543778807027
1 0.8072404029657716 0.2244450233682511 0.01218693344253552 0.0496431080360864