18 0.23111250391484964 0.09976553406907 0.03030312126961937 0.09211881208338132
18 0.04203892547819502 0.06889936074036537 0.02788798762609018 0.08148504286107722
9 0.06274151207650312 0.0849364981581858 0.037966131443113144 0.06231304101031078
9 0.2566023791220259 0.11481762282803304 0.03715214183097315 0.05611973511080415
17 0.02924102199481584 0.05860423971178673 0.02819213987446462 0.10232178454190391
17 0.23748257162248104 0.42010917316078933 0.0336347422083573 0.11250961561938172
17 0.3804554318395931 0.40991192325631826 0.031100596295843108 0.10284721582644551
17 0.2144431964952816 0.09059068960900815 0.03534427702642784 0.11385484271050357
17 0.7287852759260295 0.4768954990551473 0.03486410730257283 0.12295289720709768
10 0.08701771534865502 0.05856364459283914 0.03743711225468377 0.11687052700662834
6 0.28140075027347056 0.09154396676743108 0.03687961335788337 0.10142206885091568
4 0.49875357684538274 0.09688004248616204 0.03274952161305211 0.09008826285055319
8 0.6969002237909488 0.12875212898493732 0.03395301511798432 0.08762468402101252
8 0.6555319464690502 0.4296273947051729 0.026335310454010274 0.06511121063854142
8 0.8005710839907612 0.724826551416916 0.030756972808976157 0.08628266584772737
7 0.9567206380489011 0.628600434969278 0.036791971779629895 0.1026190700351558
19 0.7626057542464568 0.713926442823754 0.02506916601951692 0.0402744570973137
19 0.49604575039282395 0.048791109904751044 0.01854138024637808 0.019668564511363396
15 0.5412022026273914 0.3611842310177512 0.021321395470445648 0.059598072952879055
1 0.7949392971066996 0.36254476107422484 0.018689595086808453 0.04707484605234419