11 0.3034850005738916 0.2841607696673343 0.027424394016460796 0.09707958872713848
11 0.33114055388765984 0.2890183657257842 0.03444440542466254 0.10017505569942067
17 0.8782329907975481 0.6961093249484662 0.01798332281273851 0.08529928042315027
17 0.6124411855848539 0.6630844838284954 0.03198043363296088 0.08743861606956727
2 0.4398307495257048 0.4907723546333469 0.03407249129144857 0.06506024391521575
1 0.693986825785398 0.2223147317135187 0.029659501828529278 0.08820750410020545
7 0.27342513306409977 0.5799987545021691 0.03440149342848142 0.09612345740127326
8 0.9055560754109047 0.6954677299151212 0.044291984595867584 0.07703539366460133
9 0.6447958286687034 0.6664033439587422 0.0417707866429472 0.05889586310362427
12 0.7301333903837781 0.2360576889653882 0.03333699135324364 0.06891796063489308
18 0.27238064493301556 0.052306369610804176 0.03805038512205172 0.0741338082707893
9 0.17584230361416053 0.03237811657675953 0.044220454435921736 0.06475623315351905
5 0.2100995858096669 0.039147376115113396 0.030366393769280353 0.07829475223022679
5 0.049914169842569064 0.8290063822711569 0.02653155009225816 0.0860814450202746
19 0.8455170572263824 0.7637919348637885 0.025195272041206418 0.033215825698960644
2 0.41942764743882177 0.9433853565247483 0.03248705942522229 0.061971415226176996
2 0.3029821070700864 0.9211523666585888 0.03170864749083613 0.06177753364770633
10 0.38906242491524573 0.9364997212808932 0.027802283820178686 0.05945759298930586
14 0.4532747413140161 0.9531698571926205 0.034822295228380484 0.062553059961588
18 0.1629027563380002 0.8828775920755417 0.0285520877571106 0.056950409035677385
19 0.16755545738221073 0.8488290097345605 0.03679992089705175 0.02937042567884318
18 0.07192058363345587 0.8514142660050026 0.028537783758383617 0.0555998762696287