11 0.2873527731756085 0.2667496779929498 0.03393485567795379 0.09865116788322617
11 0.31546242848499695 0.2728836549239865 0.04120256316554727 0.10207726010810919
17 0.8984344416706453 0.7065488240066103 0.023663866840695547 0.08640111606415202
17 0.6294597789905152 0.6613151231242748 0.037891845952106595 0.08918639700373787
2 0.4417348300044344 0.48043186462666 0.0385380461779774 0.06682979952698337
1 0.6729858889971572 0.22237092850599013 0.03560591495125365 0.08985187893330154
7 0.2828413667331573 0.5624826186145162 0.04089512730177092 0.09801035659792878
8 0.925735624595778 0.707145096012409 0.0496052443907804 0.07931086569689583
9 0.6621412234667685 0.6661171727032893 0.045884539857463436 0.06099650108605548
12 0.7103654393605824 0.23781363739137065 0.03804934550104999 0.07066665217922058
18 0.23615836235022475 0.035276528618357735 0.04313367344389055 0.07055305723671547
9 0.1375389306664661 0.020795277534147043 0.049092778449645255 0.04159055506829409
5 0.1725176627293865 0.02821025380663845 0.03588965838566349 0.0564205076132769
5 0.08059096682560576 0.8024021675995943 0.03231889016717936 0.08757604099813476
19 0.871531791961962 0.7730341980067609 0.027526014562541112 0.034475281014950454
2 0.4604506743590852 0.9340459080366394 0.03674081585405209 0.06365842880430972
2 0.3419391857435442 0.9064310528430068 0.03594467931334816 0.06342837794636658
10 0.4294526249996842 0.9257522235749953 0.03186151798857001 0.060922489153256265
14 0.4951855821298311 0.9454088963432588 0.03912922547616349 0.06434858137813948
18 0.19837746902338357 0.8616330109357927 0.032452697286756205 0.058441271004412876
19 0.200091213380816 0.8276506885906625 0.03895559673196397 0.03114690787423724
18 0.10456236704769045 0.8259046715725369 0.03235021866549739 0.057085636501019166