18 0.12991566597771761 0.347068609621241 0.0499593020932545 0.05186869759574869
18 0.4363102725411693 0.6860930688971025 0.05339625797225972 0.07106946966030792
18 0.7097994262541663 0.3161076547434294 0.04414836238619135 0.05777761934143466
18 0.24198171516326628 0.22376706047054662 0.04611315780278169 0.054345451213247964
17 0.6956850864917086 0.6806966832235659 0.02677932735632127 0.06590976506952717
17 0.07527946258655202 0.3443402363168583 0.024133887951819435 0.05148382872565965
17 0.6447195177796929 0.09436425787000531 0.018544955236689864 0.046048586363425265
17 0.3474927536754993 0.05891323487780324 0.01605650358304722 0.0397907722017182
8 0.14680534410505508 0.5736334190597376 0.0730765338187366 0.08799483158969523
8 0.7480582702686698 0.508578418642206 0.05299099174370214 0.06818471484345123
8 0.37338489108029216 0.05856827019660556 0.04251616577482903 0.054238773708010196
9 0.8066710314359999 0.5207697325393378 0.0625272788001302 0.04595732493797794
9 0.45410569153919367 0.8890196981954893 0.0804482124491831 0.053702598515414035
9 0.7832276079880581 0.14844198369825334 0.077015172689469 0.06429106570946905
1 0.48276294187723934 0.6870925839312231 0.042196288454152686 0.07748033452456782
1 0.4240498017156371 0.43414505102624984 0.030851435289678875 0.06693822167708563
7 0.5500534784895985 0.1941595676246147 0.045340192066880225 0.060980384534680576
7 0.38256591578669874 0.6822744508341372 0.07238831666270856 0.07223607092362094
0 0.20381524597444262 0.5733279973535895 0.055083842173027225 0.08310713073788101
0 0.04742351912608446 0.34677969339174297 0.02282282531270515 0.06660303629037839
0 0.3651748896797448 0.4262708587690652 0.05353729782024663 0.08974581166170159
15 0.2559022186566352 0.5691733645531176 0.0534385733817718 0.07612355673786808
15 0.19611945226947408 0.22240099795226834 0.04410324798081797 0.058222668735271654
12 0.3181048845560711 0.5648644402887693 0.04798556847469432 0.09244936723723718
12 0.29395614198584497 0.22731726278603864 0.037872955535264985 0.057117081562298305
13 0.41905331874273344 0.055737496782239146 0.03867873913445363 0.056254822295471775
13 0.7854610632415142 0.7084308011967845 0.04849954836561432 0.0730147376840149
3 0.12422896466809841 0.20945023902150203 0.049468517014145716 0.06862293016298343
3 0.37419599535290393 0.8717171359508449 0.07356401722795242 0.09335053271584803
4 0.6515385965154648 0.6784771068635568 0.06113845457504008 0.09824120613578913
4 0.7075797131499693 0.5148109857009996 0.04093465559080556 0.06297716365906852
17 0.5941914754470488 0.197030437932356 0.016496770037290442 0.05388163246727501
14 0.6301034997031705 0.20289356115003715 0.03729739452136838 0.058489485309385775
14 0.2247317100124081 0.3586996969165578 0.04427111735357417 0.05509449127343108
5 0.681254135291858 0.11566912365920667 0.04722018176965059 0.05263017064344076
5 0.3321089027585393 0.24352394474429717 0.0354851278129501 0.04940539698173918
5 0.1772338188639153 0.35951517296552754 0.04033746440371344 0.05663246586238668
11 0.5015001649981969 0.1856964268943015 0.032927738274132756 0.05926259916171031
11 0.7382187704486254 0.6731239020612425 0.04504142468771566 0.07364245383124124
2 0.4737309089299894 0.43414019583034114 0.04194793258377094 0.06512093051744383
6 0.852638644964949 0.5066263492649862 0.03900430282171674 0.06599184121990764
6 0.37250427354101656 0.22497013678121403 0.036872912446570816 0.04576833456807183
9 0.7741121688316082 0.3183877164048407 0.0696892855105864 0.04614928437346566
16 0.5256572932459304 0.6910300374434619 0.04802640654574808 0.04693381475134961