19 0.07600858633820054 0.2111601527491037 0.026096718707445662 0.021740285645161533
17 0.0543292433258276 0.20650112516031882 0.050781995954825916 0.08930009259958013
17 0.35054636845563036 0.5073888241640863 0.026812892827291546 0.05382172125323714
14 0.3233119180921268 0.18983011973093974 0.04804769050042307 0.06818186704566909
14 0.4616825777488597 0.8503553684581575 0.04895912565189081 0.07522127556363933
14 0.5962742661228946 0.8314924568929238 0.03934476782861729 0.05768612021116326
2 0.11713089219373873 0.5311481792596329 0.03290284801959309 0.0501705047848503
2 0.6158084077300904 0.4953913130281182 0.03132265366645459 0.05003421225094662
12 0.5014533898569655 0.24845765356068764 0.03301233226494771 0.047395629137833295
12 0.8565049118139092 0.47172939700849736 0.038214559764869205 0.05619727994754725
12 0.3903915337497025 0.5054030217734791 0.03765508923012412 0.06032470332427664
9 0.08925755069385882 0.5393557187855351 0.04214133818862813 0.037045735486235354
9 0.5928467743516753 0.5039006466100551 0.04406183900737415 0.03860353897712332
8 0.06226746776545536 0.529351294882825 0.0331336702398459 0.054366891388851646
8 0.36781902209480033 0.5088007744720666 0.03607489487698551 0.06018841079037307
8 0.5367363685727936 0.8388039234374866 0.04330710744100741 0.06777298944395804
7 0.5654595044074466 0.8341502451247921 0.04160557511297058 0.060665434659035844
7 0.829239660528251 0.46900301928920896 0.043975866642678274 0.06086987345989142
14 0.9532316328708217 0.45975951373711144 0.04070599369104666 0.06337216403910101
14 0.434196789542334 0.413849280129613 0.025220844744609283 0.04393929082129783
19 0.9262508359245575 0.5070625260338941 0.025646927996483715 0.023093650335194116
19 0.49322035487403326 0.8389300444604245 0.03365738400753132 0.021000237357695628
19 0.5001900290611612 0.862992736278785 0.030387511055899485 0.023502527936905104
0 0.4174890473880581 0.41311487103734246 0.03675550780820025 0.06303143270434203
0 0.47836944667440684 0.24972322364454513 0.03223389323949366 0.05707280380859678
0 0.5639840340331859 0.4860779962646772 0.039016315092553655 0.06601074715221444