2 0.051385 0.490897 0.06165799999999999 0.10012999999999994
2 0.605244 0.081925 0.04677500000000001 0.057217000000000004
17 0.492559 0.083225 0.019135000000000013 0.06502
17 0.435684 0.70026 0.02232400000000001 0.08452499999999996
17 0.115701 0.150845 0.028702999999999992 0.06501999999999998
9 0.546243 0.095579 0.06484699999999999 0.037710999999999995
9 0.6440460000000001 0.715865 0.06697300000000006 0.03771100000000005
13 0.25017899999999993 0.8237970000000001 0.03826999999999997 0.06632000000000005
11 0.22838599999999998 0.143693 0.04996399999999998 0.06631999999999999
11 0.08699800000000002 0.273732 0.026577000000000003 0.037710999999999995
11 0.144935 0.796489 0.03401799999999999 0.06371899999999997
11 0.54837 0.875813 0.04996400000000001 0.055916999999999994
13 0.333098 0.154746 0.040397000000000016 0.05721699999999999
18 0.279413 0.141092 0.04783799999999999 0.05071500000000001
18 0.125268 0.273732 0.04996400000000001 0.05071499999999998
18 0.705704 0.349155 0.045711999999999975 0.053315999999999975
18 0.573883 0.704161 0.04146000000000005 0.06371899999999997
7 0.161944 0.147594 0.05102699999999999 0.06371899999999998
7 0.803506 0.80039 0.043586000000000014 0.061118000000000006
7 0.790749 0.53316 0.04783800000000005 0.07022100000000003
0 0.195962 0.796489 0.05102699999999999 0.08452499999999996
0 0.394756 0.41742499999999993 0.055279999999999996 0.072822
5 0.164602 0.293888 0.03720699999999999 0.054616
5 0.886957 0.810143 0.040397000000000016 0.06762000000000001
4 0.09762800000000002 0.807542 0.043586 0.08842700000000003
4 0.601523 0.23862200000000003 0.04996400000000001 0.06371900000000003
1 0.238485 0.412224 0.06378399999999998 0.09622900000000001
1 0.47182900000000005 0.703511 0.04146 0.07282199999999994
1 0.836993 0.79844 0.03189200000000003 0.06501999999999997
14 0.605775 0.882965 0.03295499999999996 0.04941499999999999
14 0.762578 0.34200299999999995 0.051027000000000045 0.05981799999999998
6 0.46704500000000004 0.4109229999999999 0.05740600000000001 0.072822
6 0.20340399999999997 0.271782 0.04039699999999999 0.05981800000000001
6 0.295891 0.8049409999999999 0.04252299999999998 0.07022099999999998
6 0.922038 0.771131 0.02976599999999996 0.07022099999999998
12 0.7200549999999999 0.227568 0.04252299999999998 0.05721699999999999
12 0.902903 0.522107 0.04464900000000005 0.07672300000000004
15 0.470234 0.876463 0.05953200000000003 0.06501999999999997
15 0.309179 0.41937599999999997 0.06484699999999999 0.07412199999999997
15 0.522856 0.708062 0.04783800000000005 0.07672299999999999
10 0.708893 0.697009 0.043586000000000014 0.06762000000000001
8 0.553685 0.243823 0.06909900000000002 0.06632000000000002
8 0.739722 0.546814 0.08823499999999995 0.07932399999999995
8 0.659992 0.355657 0.05421699999999996 0.04811399999999999
3 0.661586 0.230819 0.04890099999999997 0.05851799999999999
3 0.840714 0.53251 0.04783800000000005 0.07412200000000002