17 0.20935777229180585 0.31030596233146923 0.027950188241063795 0.07785127609791964
13 0.2624687921382904 0.29620990160651817 0.03738351250872782 0.06796748037775951
10 0.27769960739202476 0.26420239089402664 0.036753259978725916 0.0825658539141923
7 0.4024035843864626 0.49168419779942196 0.03402139096564388 0.08148691045134004
11 0.41647810850814615 0.487614730928031 0.026893649123896413 0.0673212089047221
18 0.4313825249995571 0.49246390345585705 0.030360597815609347 0.06045930167087288
13 0.45063447196642525 0.5142420726938037 0.03589324634801605 0.06447404811823615
6 0.46382108317790005 0.4881280322468876 0.03063431676543743 0.06879857435643921
17 0.5391925462078175 0.43745427131679426 0.0240500730731108 0.06711222629473501
18 0.5515436513882805 0.4314457870624546 0.02396886329789283 0.04696149947346567
18 0.564908093063692 0.4272979933104355 0.02747645286021283 0.05383351435981226
5 0.5896541363518476 0.44577583335122106 0.030205944632289095 0.07137237025483739
6 0.597831988455648 0.413164347342621 0.029970963490734137 0.06213506028850191
19 0.19736581547681015 0.555506432245915 0.021004679426785272 0.02750030911455581
18 0.22357520303068096 0.30388703508914994 0.030555891869536445 0.06328015520710423
18 0.2339196666140268 0.293585867464688 0.024904981739445192 0.054646820536877416
18 0.246114911768665 0.2876398572344592 0.025528426346368677 0.0548930481121635
8 0.43053952853994 0.5945026863842392 0.034181814995537074 0.08208787573543708
15 0.4458119024642623 0.583950933900181 0.03192038244423678 0.06839168037211785
14 0.46096825306454337 0.5723145521255681 0.02919140129483594 0.05816863004209061
19 0.6500383590953256 0.35638396875801603 0.021782627602873195 0.02414975546245307
9 0.7296474272656056 0.23058194991968162 0.030086218628950112 0.052120510776884066
0 0.8036189259351681 0.1985419153482738 0.034727056286711466 0.0768165142239352
16 0.7748429584069716 0.34890482294818786 0.021785634062341908 0.03878289319693451
3 0.7137110398297489 0.23348645636817408 0.024632216572596066 0.053625013541402866
3 0.7711637859838176 0.22153037629436728 0.025060367125592564 0.051050387580457685
14 0.7481525912842699 0.35605566380459286 0.02342288980389129 0.04491622535742251
9 0.8030923779554737 0.3411382390180826 0.03433346171938867 0.05654166941699096
14 0.8696985286829972 0.30861668701114686 0.03000852593587644 0.05391872725509389