14 0.12358952153453556 0.24760107356142458 0.045038015102332754 0.06108221606053035
17 0.4031845739243215 0.270571789052014 0.028471196449178227 0.04422864836720253
8 0.3699093102146877 0.4826879347117017 0.030098011808771696 0.04132251823750016
14 0.7918715179163223 0.4192237867998145 0.03670036193353032 0.052204954885103794
1 0.17192526032462976 0.0767288946314956 0.034821875477519026 0.058483357668848227
19 0.20318416064479167 0.08786450178761743 0.017184195945467134 0.016501127631508766
17 0.35987694888638255 0.01899855422437183 0.02690459244919169 0.03799710844874366
19 0.39607930631889027 0.018721685933184545 0.02363230471682287 0.021496337915191194
19 0.41417989202185773 0.00888176822948412 0.019158023416089076 0.01776353645896824
17 0.4641781271394669 0.037229282024288726 0.027971649932016174 0.05724237647154154
18 0.49308443864329854 0.04855362481403975 0.02855159681571623 0.04788632163093377
18 0.5200986223190719 0.05435526440473191 0.028928738062052428 0.04745244703173011
7 0.5619616389395512 0.07983238793680476 0.030869932741992012 0.059909978831105735
12 0.6024864273352983 0.09906061126070531 0.04128230860210669 0.06793499999884088
8 0.7766287017556404 0.1995782928101142 0.030139430955499313 0.03269216776170494
12 0.9674272537416604 0.29720117856060746 0.04854268748070578 0.07826186737055835
11 0.9242120160813581 0.26943495522398775 0.03923843905163016 0.07229849092019228
3 0.8496237951036034 0.2218813061806233 0.03320788319775436 0.06856911947741051
1 0.8880041674620234 0.248314523761404 0.05120719887301595 0.08253710553980353
17 0.9770935296471053 0.1957538185581736 0.022166275578852868 0.0412272442626537
19 0.8030971477580966 0.18567155631508764 0.021176547711080462 0.019820452837975344
19 0.7976896933629825 0.2025230480893052 0.016689572106958206 0.01619260012886542