17 0.16871617328886657 0.5174262169115391 0.013305414965618628 0.033480482697323954
18 0.17847792352410022 0.5193773192305843 0.01974737847007374 0.03453172970241347
14 0.1940015197311395 0.5180260660920621 0.019826797593699597 0.02627449528490655
4 0.18372967169888216 0.6343068409088048 0.026631202136301046 0.05810357150754619
3 0.2020334877894599 0.6413626094060523 0.02322899986500032 0.04218903339622615
12 0.22802132656290802 0.6258970012526139 0.0270709627082594 0.053449236809090195
12 0.19750110719383468 0.7794510033803412 0.031192943575846538 0.06298356434669972
17 0.1704032734992976 0.7924380067661911 0.02028903743383159 0.05352451385519752
1 0.14918836482064243 0.794128440388347 0.03699355378420632 0.06215762532857183
19 0.40261092911918184 0.7628158015322919 0.01910601770068243 0.019067726021846476
1 0.4763612678776287 0.7200619951712925 0.029811521528161133 0.04917131729455282
17 0.5094400242625722 0.7128914350352828 0.020508917719810782 0.05119734650596963
14 0.5274135715106398 0.7164560486859197 0.016605815841471916 0.02574887178236185
8 0.51395512980303 0.5319771466672978 0.025749581402570665 0.0402373114059591
17 0.5386923185003315 0.519964940464466 0.018567556619821346 0.04083782102928979
1 0.5635282114431837 0.5182750857419467 0.01658653445619518 0.034607397673842244
3 0.5789627925954868 0.5110302591563732 0.024769260159937412 0.03948681161335926
12 0.6047286589664379 0.5068255954948561 0.025970559981632668 0.05149809371845948
17 0.7057139954201059 0.36599359115468744 0.013865354017922438 0.03002776112185701
7 0.7142895243026459 0.44995776929598563 0.026550781715944383 0.05277382608828257
18 0.7191181034213316 0.36321568642370045 0.020787837451055835 0.035883520968986726
14 0.7377416060731701 0.36253961526008516 0.019627296986080456 0.03333108640438254
1 0.7407654763424207 0.45449794700359236 0.032291351182307415 0.05134756542113944
12 0.7770845033381646 0.44207347159916854 0.0319137234688639 0.07019033360975996
17 0.8001831214994548 0.5301643805148761 0.017707316861181543 0.041287964534720945
18 0.8160264005311073 0.5278746965441659 0.02474888048157753 0.03475738784311133
18 0.8346112359427438 0.5230693610798973 0.02498914044591649 0.03715964426413132
12 0.7803148565237812 0.6994067702124009 0.02877106254717887 0.047819526027979786
19 0.7729843907098493 0.5532115229151953 0.016845074509080127 0.014564148366611462
19 0.7774570200983063 0.5424389264539484 0.014304113293150289 0.011786446586630861
15 0.7415943319143778 0.7154724513366217 0.02442920139361282 0.04061236583959804
8 0.7097865045509408 0.72125456440541 0.025109318926262558 0.03836125738712037
4 0.7785754896257018 0.8027756456917767 0.03591343373958744 0.0649349361832312
8 0.8082025964885406 0.802962713337551 0.031671371388006686 0.05419996534759053
9 0.843199240881865 0.8173371431730287 0.03553171131616417 0.043015632857162034
2 0.8801296530375302 0.7965417488287414 0.030051684496147812 0.05157260389061513
14 0.8991289828871842 0.6224202754131035 0.042656796243461415 0.08257671092008456
19 0.9733926932196848 0.6100056378456369 0.014335162003918378 0.013563084620569765
19 0.971960826361113 0.6220545455763435 0.014915480734582265 0.014839786815350586