18 0.17039440495590616 0.3471792394522335 0.05231205312765186 0.04519596655871455
18 0.45473313318130326 0.6438741720254989 0.056981906337479404 0.06351437659992554
18 0.7378671255848277 0.2577809256041417 0.047431065829107055 0.05249327787428745
18 0.28212781664199776 0.21648020764961562 0.049082429362355184 0.04823254399866728
17 0.7087535851692284 0.6150211236340439 0.03060858080717821 0.06162567200221203
17 0.11821477286379373 0.3499897777526225 0.027926030130269355 0.047333539178651685
17 0.6817754498271489 0.05086280088320798 0.02067462972056544 0.034026519555399204
17 0.38989275517543687 0.04804774145218321 0.018262273098891335 0.029690195107483643
8 0.17975635456162525 0.5627925798952623 0.07735315689821293 0.0776300146122526
8 0.7677966298317589 0.442594915757456 0.056599238683305075 0.06172397999656348
8 0.41479524930543976 0.049295669049815895 0.044177981310666914 0.032131922959197964
9 0.8256489501802364 0.4487609120553509 0.06460932602763136 0.03902247430992356
9 0.46476456456157667 0.8363772483719364 0.0810644897085519 0.042549526406918003
9 0.8184736504372973 0.08418881125548316 0.08065349151595336 0.05561379355274574
1 0.49983533795052215 0.6406324929856875 0.046697537878532425 0.0708562621430594
1 0.45179664710899525 0.4020826539929565 0.03526854225376991 0.06215015810767405
7 0.5843668414259744 0.15483983485089187 0.04897703485714089 0.055372237136366714
7 0.40280919108811286 0.6450491872025104 0.07524755128280741 0.0627443002766016
0 0.2342975602597096 0.5572085640135785 0.05988747944769726 0.07474927992211744
0 0.08318227617884963 0.35506574551448883 0.04504645728035815 0.06207125888846421
0 0.39477123245779144 0.40027187085335614 0.05907949088851727 0.08197533864963952
15 0.28442838483751376 0.5483844580317514 0.057665892109643735 0.06830757960347944
15 0.2378562702140866 0.21994444645965716 0.047529437647507444 0.05215583305764743
12 0.34449085729493756 0.5384195164863468 0.05387822759385247 0.08472307997037287
12 0.3323851484035304 0.21448416105928403 0.04145829725160155 0.05189017027936124
13 0.45923620292415823 0.04603704594781324 0.03973767707084647 0.02541021921033155
13 0.7964095898449312 0.6336167990817849 0.052214830067283335 0.06659754485387936
3 0.16903765567948337 0.2148956348073941 0.05365640424233395 0.0616086923051162
3 0.3882220217559338 0.8265493432603945 0.07764648457880269 0.08117600360176758
4 0.6653137908511904 0.6168969949155215 0.06640352362886992 0.08968208314462212
4 0.7273632121107497 0.4526482058696064 0.044414755770691094 0.057717776020157485
17 0.6279258988244718 0.15289323731320076 0.02021865680068824 0.05155244450299798
14 0.6632974759186335 0.15479719275974088 0.04089045020106008 0.05391284667660601
14 0.2611518098876922 0.3489194235670432 0.047256884587661335 0.04902690069728938
5 0.7177964187978547 0.06301463778653325 0.05030966400262582 0.047158596094375616
5 0.3689213313526867 0.22626418726740588 0.0384513299061266 0.04463806927233699
5 0.2154169763598337 0.3544466095517912 0.04366845905176178 0.05083739518280633
11 0.5368027452325614 0.15175148345418182 0.03678649859795935 0.05494191079925602
11 0.7510935229684321 0.6037518705099053 0.04894699812046788 0.06756442763177928
2 0.5002983280191393 0.3971686180362727 0.0457753137061101 0.05937294496527712
6 0.8721853187856474 0.43035251364128796 0.04261107839175593 0.06116613068930721
6 0.40892243476123374 0.203939938670885 0.03948099524021442 0.04099629338847069
9 0.8019466311116409 0.25329293033917893 0.07191467737084678 0.03837855442187196
16 0.5415053177209737 0.6405469666206427 0.04994378969669799 0.04089740203615999