2 0.058835085981032646 0.4432316037425611 0.07300057000653291 0.10623154803923196
2 0.47080806371662276 0.1137102653181338 0.06373256763560037 0.0658367185252859
17 0.3583233946746834 0.09999624791021311 0.03728730506604394 0.06932153633249172
17 0.47507105070403854 0.7189237856557091 0.04559226001112826 0.08973458862184225
17 0.02074367325159951 0.11908903878706287 0.04148734650319902 0.06772891701827953
9 0.4153249209055372 0.11992559135020263 0.07558726024471213 0.04769607155355052
9 0.6906043853025626 0.7774139578162316 0.08009956078181779 0.05297421638584343
13 0.3290983888520944 0.8049537448506128 0.05459451817915778 0.07324873847273017
11 0.12152552280369995 0.12662757837941077 0.06498932054868503 0.07265498727134957
11 0.026982858433901295 0.2359529399552992 0.0344317908874579 0.04067772524528468
11 0.2225578055147543 0.7571008866032991 0.04895734489827552 0.06890008250650836
11 0.6371928476087223 0.9206869543874984 0.0665113011017836 0.06809310926803658
13 0.22347349177205364 0.151580191337168 0.05454867836136773 0.06313708850799318
18 0.16870366822154897 0.13070152163487492 0.059242384843756546 0.057154821731686595
18 0.06194001387638444 0.24138357845462755 0.05963867745332266 0.05695785155579711
18 0.6504294218802928 0.40788229336969983 0.06293680077176567 0.06356938145671293
18 0.615053862790299 0.7508062008775107 0.06021399199082522 0.07378618189048447
7 0.06100954137626385 0.121872618682631 0.0644945124926221 0.06967115297391509
7 0.8830744380753628 0.9002117200251095 0.06441029711394919 0.07404349886278982
7 0.7929148631269112 0.6166200865784334 0.07123721155092677 0.08328890883566653
0 0.27035161229279986 0.7672227252509629 0.07104760907886129 0.09311173345361612
0 0.35622708546493254 0.4259819061730536 0.07415701792857304 0.08271711401884474
5 0.10361840398127894 0.2668582645627705 0.04936804047646448 0.05932163034486898
5 0.9723673295737821 0.92971195587635 0.05526534085243573 0.08102888199324909
4 0.18176884904945628 0.7586452555161309 0.06408107280519246 0.0944247063416076
4 0.5116498615915362 0.27594545144195576 0.06889293143048958 0.07370916933732077
1 0.20514707257141818 0.3954070564043378 0.08654966165234604 0.10576218043338526
1 0.5119212346930705 0.729461436844226 0.06165754911525201 0.08208757052714988
1 0.9186988145672361 0.9057822186995533 0.05324211458780426 0.07578756465691039
14 0.6979864480369165 0.9408697725290341 0.04787322055451859 0.058109984660500436
14 0.7081199934714755 0.41007814422426525 0.07111200133764084 0.07176117937018639
6 0.42541451043179357 0.43144459067610874 0.0772408483791146 0.083774004607788
6 0.13354669081889678 0.2505772043337159 0.054094313967768023 0.06514426627900699
6 0.3676912078622029 0.7956114564641861 0.060173676440432755 0.07832900553268696
6 0.9887300072629444 0.8964026862956063 0.02253998547411129 0.08157670629885172
12 0.630570609625206 0.2826771639630002 0.06081112454657789 0.06676088853137177
12 0.9110680193194813 0.6269932408182077 0.07114350052070173 0.09074360020542815
15 0.5585325708623127 0.9040897218860091 0.07764532195704676 0.07870992629238527
15 0.2741986156424141 0.41390964573094435 0.08252939017968308 0.08473558500546946
15 0.564396762409302 0.7444022313845565 0.0697395404378387 0.08788074960746206
10 0.7529101061257102 0.7714923943853462 0.06505683243959692 0.07951808970281726
8 0.4648326733086755 0.274082527433765 0.08826246648007241 0.0788875889719097
8 0.7428175698589382 0.6211533289601072 0.11582813022389216 0.10019669259352504
8 0.6048640408714303 0.40694858150088953 0.06969246786344885 0.05924766455770453
3 0.5708841858354909 0.2770385012989851 0.06708992542090964 0.06863087751491928
3 0.8464055627749587 0.6257403630380212 0.07303385450183053 0.08794841833787348