14 0.6065549892656512 0.12244388775837564 0.030311946090662678 0.04331063595264084
14 0.12697847183246583 0.6369926797528682 0.03721297109174432 0.0563366965097335
14 0.4393003659542021 0.7523946781755046 0.032486787709535336 0.04814515767743166
14 0.6888921241093874 0.7561246626537141 0.039333540218670526 0.05107555755922988
14 0.40051256128352897 0.5180388872483316 0.032079842368097855 0.04594271789165694
14 0.9094844603609646 0.7748157997154244 0.025809987943582136 0.04470207222093603
14 0.6176453038955461 0.9761391696424113 0.03148823438950943 0.04772166071517747
1 0.6036662853595285 0.9783974741649049 0.026478294322649032 0.043205051670190286
1 0.3784808474189882 0.5184201018915061 0.03316816223445618 0.04728194861788282
1 0.3609361801527676 0.7482198387716164 0.031872560130916494 0.04404230059945702
15 0.10519859743567832 0.638745288727643 0.035528741758576565 0.052871581055364714
15 0.5871653396147677 0.12173609816600986 0.030488957333755007 0.04155760683254471
8 0.27233120510478454 0.26821730853269166 0.03182471097480233 0.04200019976787736
8 0.5220366922851507 0.41707969974796544 0.030240242298438913 0.04190284566718183
15 0.32119702701046937 0.7388224857978274 0.03491755881957226 0.047008502936567775
17 0.7716942841802454 0.3977974088996362 0.032780559773050166 0.046146770490331834
17 0.6151955749993694 0.5827711596672194 0.030666049305176468 0.04170513281704158
17 0.8054122857052374 0.7562710370660448 0.025698616022679532 0.04066780812801818
19 0.440582786583304 0.44241486838212984 0.016180112645977407 0.015660121117156367
19 0.5480594949979825 0.18341046046717688 0.01494591612080165 0.013661442650915012
19 0.6102356169869925 0.4811422685061362 0.016150536862525877 0.015033212237384741
19 0.6072792734120596 0.7862621826702625 0.019573433683488073 0.017209834181737604
19 0.8309306874489539 0.772178197139531 0.018384480923562596 0.016090155205709222
19 0.8644395324265031 0.7826754396632054 0.0180996860480116 0.016639132970237003
19 0.8668422686462138 0.7735539521003474 0.017537307826467896 0.016443776934565446
1 0.8451616162435813 0.7688325058978989 0.03019567869915929 0.047214319391553294
1 0.8144025278835512 0.7641701775291505 0.025590868697382918 0.04065810942981363
0 0.6646021550845882 0.7463920976981471 0.035395756504452036 0.0496128066928746
0 0.4128331724607106 0.7463532068262877 0.03357680601118629 0.05059485233975869
18 0.8951674777627501 0.7812379941723515 0.023992936207886117 0.035052947993568284
17 0.8868731061289732 0.7766512743078142 0.024898260484468193 0.04105559597942554
17 0.5915960033935106 0.9763835414015084 0.03111411037573708 0.04723291719698319
14 0.6476705846491354 0.5804839680323799 0.02688709117627819 0.04045502704767512
1 0.6327814366980087 0.579793964833116 0.02548766854232376 0.04564034008114737
5 0.631091537681852 0.6622561285702169 0.027649650394438452 0.04106118755391264
19 0.3820464270011855 0.7537119692958056 0.01430906163391582 0.012691965526572146
19 0.38840722117715165 0.744417652433714 0.015514789429431186 0.01686240592761401