19 0.07376447944091771 0.560443855925169 0.04836931114150026 0.03935282399593443
8 0.26914531862675034 0.4741703626444037 0.042944161741278714 0.08456495545480314
8 0.31429736085057974 0.17416199173304486 0.0527537905594021 0.08125113601049294
8 0.353400232813577 0.15280886849431335 0.04335472111308797 0.06740129853584988
12 0.394577335853616 0.13726960903389235 0.05109676133917529 0.08844771978185798
12 0.5815218512857772 0.49385539104652554 0.0410555286313391 0.08308720493113125
12 0.7912371746829103 0.4539968652898544 0.03819805815128963 0.07385686899958249
17 0.5272873342387798 0.5127276523193868 0.031244986785889384 0.08640083105081137
17 0.6606351685236884 0.6129500064453021 0.0011524190874272477 0.002400544387159753
18 0.5528494235169432 0.5016311632363184 0.029764006436631907 0.04727300841247606
18 0.7695909242112331 0.4676752926666774 0.03367973881256037 0.051336508319058005
17 0.7483329721985568 0.46649249062127995 0.03198211383572813 0.08547823051195369
18 0.2998890481955151 0.46140849000917106 0.03626038341107002 0.05835169818382818
14 0.3356076850634131 0.44531946803413536 0.05408887833682047 0.07829944605230488