14 0.5150565472073326 0.058363731474846504 0.019538447953291183 0.05035651252769176
14 0.20326994081263114 0.5804590337348563 0.0228641557100287 0.0608088305612694
14 0.48930370315705957 0.7324083454679556 0.01957626235431975 0.05148034394544054
14 0.7007724938952988 0.7602810029576631 0.02490496738118153 0.05517111692424459
14 0.4121863620917171 0.47868747535459155 0.020294294037672522 0.05072335417702711
14 0.8933262788422589 0.8023732801706398 0.018026755784528503 0.04962282922902106
14 0.6787026505746823 0.9783308366322414 0.017346506537368245 0.043338326735517185
1 0.66751571271753 0.9800604767264083 0.013491679278240576 0.03987904654718344
1 0.39342295827591933 0.47699974927790867 0.02108795452308232 0.05221402724411123
1 0.4224865479760881 0.7205242018759261 0.02018094672909504 0.047354709876657686
15 0.18522371454175793 0.5802606006804152 0.021994930352233766 0.057072394627272316
15 0.49786062311132206 0.0557249364860995 0.020218729165287552 0.04847759131011429
8 0.2520775912562606 0.19153589825430778 0.021692638897857608 0.04808839317532862
8 0.49731431892836464 0.38018383083108365 0.019425100644713644 0.04698786822732248
15 0.38722591469214696 0.7068344944519246 0.022524049854623973 0.05070099769157688
17 0.7096333103754436 0.3827888061151444 0.020332108438701146 0.05184718559477597
17 0.6077259518720559 0.5690246411410487 0.019387318208521243 0.04586498679386619
17 0.7994867226660944 0.7716670499904117 0.01409639561785192 0.043297095248518214
19 0.4320104422567597 0.4002206938242593 0.012153880668937966 0.018050607845334576
19 0.4754149087090472 0.12217623934767616 0.011615845467955022 0.016359738454450212
19 0.5851293207720489 0.4586566893249583 0.012129427569371742 0.017323869861752328
19 0.6370594849810389 0.7840781928046614 0.014598639574926353 0.01923714490338413
19 0.8237294546760447 0.7908518826579773 0.013596814574923344 0.018036050132912318
19 0.8538195544441598 0.8050869639749099 0.01313213867263896 0.01852539469277459
19 0.8543820092394462 0.795758066900201 0.012643009670788352 0.01828800126905472
1 0.8352343910751057 0.7886807974469692 0.016603831865900642 0.05023207710840061
1 0.8084083470870815 0.7808313119209569 0.013963480128218464 0.0432325861659858
0 0.6785449899248277 0.747714678992796 0.021519574983971945 0.05333274932918275
0 0.4658682061053738 0.7235184092509734 0.02010109417755296 0.0540740450251872
18 0.8796192548625156 0.8065304421178072 0.013767855331688894 0.03741868229732803
17 0.8718543395642409 0.800914827387186 0.013009675224083694 0.04348453730212776
17 0.6570513480495717 0.9773325063239331 0.017117413967317474 0.045334987352133704
14 0.6350778229928224 0.5696776169726833 0.015919110032356243 0.04418172980031532
1 0.6222268789827772 0.5675024019340702 0.013205268055777486 0.04929749118649329
5 0.635419971570593 0.6555142503875125 0.01640823903420674 0.044419123224035184
19 0.4413119288712153 0.7283458866922691 0.010790733722971402 0.01421929538686606
19 0.44492715842331393 0.719182646655742 0.01093531067635456 0.018516074340777955