19 0.15 0.111119 0.021951 0.024359000000000006
17 0.129268 0.103289 0.03089399999999999 0.10613799999999998
17 0.35528499999999996 0.49478 0.01463399999999998 0.06437899999999996
14 0.40447200000000005 0.111119 0.033333 0.080038
14 0.384553 0.917591 0.03251999999999999 0.08873799999999998
14 0.524797 0.908891 0.026828999999999992 0.06785799999999997
2 0.114228 0.4991300000000001 0.021951 0.05915900000000002
2 0.62561 0.50783 0.020325000000000037 0.05915899999999996
12 0.569919 0.199857 0.022764000000000006 0.055679000000000006
12 0.873984 0.50435 0.02601600000000004 0.06611900000000004
12 0.395935 0.49652 0.024390000000000023 0.07133800000000001
9 0.084146 0.50609 0.034959000000000004 0.041759000000000046
9 0.6004069999999999 0.51566 0.03658499999999998 0.043498999999999954
8 0.05935 0.49130000000000007 0.021137999999999997 0.06437900000000002
8 0.372358 0.49826 0.022764000000000006 0.07133800000000001
8 0.463008 0.9115009999999999 0.028455000000000008 0.08003799999999994
7 0.493089 0.9088910000000001 0.028454999999999953 0.07133800000000001
7 0.847154 0.49826 0.030893999999999977 0.07133800000000001
14 0.97439 0.5 0.026828999999999992 0.07481800000000005
14 0.462195 0.391252 0.015446999999999989 0.052198999999999995
19 0.935772 0.553939 0.02113799999999999 0.026098999999999983
19 0.419106 0.907151 0.030081000000000024 0.022619000000000056
19 0.42032499999999995 0.9367299999999998 0.026015999999999984 0.026098999999999983
0 0.445528 0.38864300000000007 0.022764000000000006 0.074818
0 0.546341 0.19898699999999997 0.019511999999999974 0.067858
0 0.57561 0.49130000000000007 0.024390000000000023 0.07829800000000003