2 0.060798385287243316 0.4768052474243171 0.0705418616801934 0.11326293964332546
2 0.5881794170096775 0.09120999449881202 0.055274777702679634 0.06544336191344316
17 0.47283141912509563 0.08019392624367003 0.028575046059372222 0.07134449030611321
17 0.491773741276728 0.7257496799500722 0.03400516252644348 0.0896326174293628
17 0.07906874393950966 0.11115659593850458 0.040651214748980924 0.0745611883292882
9 0.5296136133999075 0.09919857049337137 0.0715950878686345 0.047017021481376986
9 0.7036491214641853 0.7532088041772801 0.07139779406243407 0.04269569343503932
13 0.31447432358099786 0.8459856237407928 0.04914977654687158 0.07281944266476792
11 0.2011084536791347 0.11585080403769221 0.06296134763900957 0.07758445789243819
11 0.06442844075985495 0.24282224489516202 0.034574564053049504 0.043949661134087936
11 0.19876519124783837 0.8119747659080708 0.0452074404570289 0.0704158927064269
11 0.6275608818041888 0.9128783150908764 0.05759558918256924 0.06117110398868286
13 0.31483513637898386 0.13925387761510985 0.050497969800914644 0.06591607919901116
18 0.2557280792557195 0.118686927107229 0.05804098004293462 0.0601156213830069
18 0.10648612145829398 0.2466066145579045 0.06176424831553946 0.060309986808890104
18 0.7212276348910895 0.37982640843375803 0.052497784856107454 0.05900074389795784
18 0.6323954401988237 0.7374306695897876 0.050015691602423584 0.06823296289852654
7 0.12936199504667378 0.11272781665915829 0.06454133382319767 0.0753243688762497
7 0.8692003346012984 0.8467931294084885 0.05021890859773104 0.06452193192011124
7 0.8262056172553831 0.5750864343735829 0.05595372183883984 0.07484634060613937
0 0.2533583344883782 0.8145228759229635 0.06570665826570127 0.09340395063994544
0 0.41364609275571185 0.42545517095531826 0.06723441929615054 0.08167378827946792
5 0.15224913957051378 0.2724328205770958 0.04792346969045003 0.06293644690192443
5 0.9500495598811569 0.860200557334799 0.047516467060766066 0.07038829439988636
4 0.14915221202938747 0.8214704007668336 0.059347922914724516 0.09787816937617255
4 0.6036076542151088 0.25545350184197174 0.05913797584065217 0.07155277105981325
1 0.24780930307069232 0.40681735650674805 0.08107261231630661 0.1087439267121959
1 0.5291364435319981 0.7311788466452231 0.0518787663886382 0.07832493110201855
1 0.9011278844999322 0.8462892844439136 0.03930531929066905 0.06750593622411916
14 0.6856566593860742 0.922413559053106 0.03933653814197424 0.052966541031554404
14 0.77646623799133 0.3771875692425983 0.05820479083502228 0.0658924105837323
6 0.48769659099455676 0.42449349312126333 0.0687784218941409 0.08137361065171489
6 0.1913584466433007 0.25223857574345554 0.05176489878436877 0.06878957080572021
6 0.36010371157186266 0.8282662852329367 0.053764578290938836 0.07691996849398075
6 0.9789355092599583 0.8227234630285706 0.03762496751045086 0.07210158659899868
12 0.7210243629084498 0.25517208364565924 0.04995697903088159 0.06342465651415058
12 0.9329523031931088 0.5713315657505681 0.053018374674157154 0.08057669504468334
15 0.5488491833969042 0.9104711891481845 0.06916069593473606 0.07172883825487475
15 0.32402884117350783 0.42045238361071374 0.07832801925320748 0.0844706312755128
15 0.5814985109955164 0.7387071096802461 0.058511016740070754 0.08240554614632978
10 0.7653743083172778 0.7373488121578591 0.051773887653495 0.07158172720897749
8 0.5556172198298148 0.2563181394153725 0.07937363545381315 0.07638667241570599
8 0.777901604649705 0.5855505870222523 0.09709311919780284 0.08707372816736525
8 0.6765253049577746 0.3827302974409076 0.06060449260431999 0.05450982738499566
3 0.6631210048950984 0.25301438989747504 0.056905468008197846 0.06569704279747618
3 0.8744842178615084 0.577740197992419 0.0561267629378529 0.07849780973728204