17 0.22154197040540274 0.2183894134246533 0.030037248947024114 0.08597207193136525
13 0.2792092672853702 0.21473169462905772 0.040350843698407246 0.07160086127515972
10 0.29585677711657 0.18372342129253405 0.03959398458184038 0.08928527242315812
7 0.4302331390158669 0.45429626466211137 0.03662636159767374 0.0887180098542325
11 0.4455164000888159 0.45296916241308577 0.028938721585272997 0.07361833643476057
18 0.4616647755601109 0.46137550158022134 0.0327448963437314 0.06446164708494156
13 0.4824624686336771 0.4888547852821786 0.038746100245117154 0.06780587267527977
6 0.4968693443299548 0.46371979339897385 0.03300220018399319 0.07439507233449677
17 0.5788274805880311 0.42567234538340337 0.02584530542126562 0.07412468304232284
18 0.5922489072458151 0.4218966186362968 0.025854944606538144 0.04996742417054523
18 0.6067622196016753 0.4203326065083194 0.02963854369169494 0.057279263619388066
5 0.6335325864844522 0.4454599961732945 0.03252351866553105 0.07759742761886024
6 0.6425318206366735 0.4122850154187222 0.032312738088350335 0.0665761323870599
19 0.20756861813927752 0.47849133218966133 0.02272392353921579 0.02740513577960696
18 0.23698949640788758 0.21457610166125474 0.03294369834862984 0.06779439534968454
18 0.24825112934917448 0.20576921969021245 0.026836264788026837 0.05893980753593281
18 0.2615032420099822 0.20202683971253285 0.027513511221146925 0.05906926351922215
8 0.4603486951395309 0.5705090523748827 0.036798014931672396 0.08939639574748703
15 0.4769568311325102 0.562495505583156 0.034403700048580454 0.07356442343070857
14 0.4934433809523669 0.5532949854979932 0.03148369664867923 0.062024367268660674
19 0.6993858198765834 0.36270423282483144 0.023586798398964492 0.023177672957433337
9 0.7862363894562128 0.24508417067163313 0.032486871677962936 0.05452897572641799
0 0.8666025778304368 0.22669758083296812 0.037416996619669574 0.08292611174305425
16 0.8347961862317868 0.38158269704506675 0.02351889446856925 0.040735191841488994
3 0.7689380705420841 0.2447620736859141 0.026544406702180834 0.05778636411798205
3 0.8313066016310238 0.24433242543206274 0.027022851130402703 0.05458307183652841
14 0.8058158476929076 0.3834926414444552 0.025270754254365646 0.047658663340463536
9 0.8654701198113398 0.3793490211344255 0.03708729654026843 0.05870309632951265
14 0.9378486932419114 0.35885960642529563 0.032393578506775156 0.05670734357612006