14 0.4242941233358937 0.12050913571172911 0.026542811922386944 0.043757908960668335
14 0.2600167110356534 0.8183606166843156 0.03136946018778691 0.052884113293321544
14 0.5533534728382953 0.722911002633258 0.02676263071725349 0.044758231227942646
14 0.7511268661312025 0.5794129403081405 0.032353386088124325 0.047732932354573876
14 0.4261712352580087 0.5649452661933023 0.027310115121059464 0.04404008388071268
14 0.9349883878228231 0.46318057603843754 0.025008205525041682 0.04319355912057954
14 0.781359922638962 0.7886979487128281 0.02468035410139835 0.044911183154130785
1 0.7715515601864815 0.7987873561538286 0.02040438633300623 0.04150050960031393
1 0.4088005568437002 0.5783558303749521 0.028297237114598695 0.04532258106803122
1 0.49016794427407595 0.7655945906352543 0.026651216180571202 0.04104165382174885
15 0.24363206926536352 0.8324888134351968 0.029943072233922202 0.04960266273336056
15 0.40812770231386963 0.13185646582676264 0.026870849160733956 0.04204113050807004
8 0.21628773088616213 0.4438752237956023 0.028185822577916464 0.041606003661837476
8 0.4809814330401477 0.4124394897297836 0.025883912981898627 0.04075947890170445
15 0.4551467947088802 0.7817143198777561 0.029392391736914436 0.04388713195452432
17 0.6738125268352819 0.24645066521957865 0.027529933915926175 0.045040406147986795
17 0.6236426432165607 0.4880034700282232 0.02566428000173604 0.03976000221538328
17 0.8430806938560564 0.5110245629524244 0.020293157611028012 0.03778477777507311
19 0.4263822687592529 0.4814857912034318 0.01433247212844968 0.015378081447462166
19 0.4028266716166704 0.20701865948032816 0.013551632412448611 0.01390173935874292
19 0.5782325523217929 0.4106127824956564 0.014190323879867295 0.014731212018497919
19 0.6988182112547869 0.6504454735970882 0.01681428868781376 0.01629076679846131
19 0.8693680382370301 0.5083799365485749 0.015679953536375968 0.015279021710870033
19 0.8998308668392496 0.49682814914275886 0.015325558566122055 0.015743287909043724
19 0.8982312112170958 0.48832754495082786 0.014829015347285868 0.01556068467825289
1 0.8792942694978652 0.49738901763264926 0.023777044121837787 0.04382195253368393
1 0.8532304004158202 0.5118679873046289 0.020158227388518024 0.03773515733192334
0 0.7281603952707482 0.5861754052972872 0.028884624558782157 0.04629485427055524
0 0.5301243339767848 0.7338049942864482 0.027679291399438588 0.0470407834361114
18 0.9235172772350652 0.47763124689404024 0.019021041399858385 0.03256020190020925
17 0.9152171222048779 0.4789353022238042 0.019307289199428035 0.0380168202993062
17 0.7612699416825293 0.8039977718864073 0.024415735589256582 0.04465142519343879
14 0.6485557478801774 0.46689410363118955 0.022143500729045806 0.038465239452131816
1 0.6364282461851049 0.47519881589762025 0.020444289373383828 0.04319093015006764
5 0.6682700895857301 0.5407376025462378 0.022640043947882105 0.03864784268292243
19 0.5089814046226443 0.757431209957413 0.012428447351889194 0.012041453871911467
19 0.5101833037965209 0.7466546720937789 0.01326888725821418 0.015866016521853155