11 0.312195 0.305829 0.027642 0.094271
11 0.34105700000000005 0.30371899999999996 0.03495900000000002 0.09567799999999999
17 0.9154469999999999 0.585125 0.017885999999999957 0.084422
17 0.6382109999999999 0.6195979999999999 0.03251999999999999 0.08301499999999995
2 0.456504 0.485226 0.03495900000000002 0.05909500000000001
1 0.718293 0.140503 0.030081000000000024 0.084422
7 0.284146 0.621005 0.03495900000000002 0.09145700000000001
8 0.943902 0.577387 0.04552800000000001 0.06894500000000003
9 0.671951 0.614673 0.043089000000000044 0.05065299999999995
12 0.756098 0.145428 0.03414600000000001 0.06331600000000001
18 0.2772359999999999 0.072966 0.039024 0.06753799999999999
9 0.176423 0.074373 0.04552800000000001 0.06190899999999999
5 0.21219500000000002 0.073669 0.030894000000000005 0.07738700000000001
5 0.054065 0.937587 0.026828999999999992 0.08301500000000006
19 0.882114 0.663919 0.02601600000000004 0.02814099999999997
2 0.4402440000000001 0.960803 0.033333 0.056281000000000025
2 0.318699 0.967838 0.03251999999999999 0.056281000000000025
10 0.408537 0.9615069999999999 0.028455000000000008 0.05487399999999998
14 0.47561 0.96221 0.03577199999999997 0.056281000000000025
18 0.172358 0.964321 0.02926799999999999 0.052059999999999995
19 0.176829 0.927738 0.038210999999999995 0.02110500000000004
18 0.077236 0.9551749999999999 0.029268000000000002 0.05065299999999995