19 0.026013 0.46619 0.048884 0.035111
8 0.24599299999999996 0.4148240000000001 0.036423999999999984 0.09102700000000002
8 0.334176 0.082575 0.047926000000000024 0.08452499999999999
8 0.37874700000000006 0.06762 0.03929900000000003 0.070221
12 0.424756 0.059818 0.04504999999999998 0.093628
12 0.576681 0.513004 0.034506999999999954 0.08972699999999995
12 0.8057670000000001 0.518205 0.03259000000000001 0.07932400000000006
17 0.516295 0.521456 0.023004000000000024 0.09622899999999995
17 0.645216 0.668401 0.0009590000000000432 0.0026009999999999645
18 0.54505 0.514954 0.026838999999999946 0.04941499999999999
18 0.780846 0.5286090000000001 0.03067299999999995 0.05331600000000003
17 0.758321 0.522107 0.023962999999999957 0.09492799999999996
18 0.280499 0.407672 0.03259000000000001 0.061118000000000006
14 0.320757 0.397919 0.04984299999999997 0.08062400000000003