17 0.274749 0.173315 0.009087000000000012 0.089977
13 0.333094 0.180813 0.024390000000000023 0.07164899999999999
10 0.357484 0.152486 0.018650999999999973 0.091644
7 0.423118 0.454078 0.015552999999999984 0.091644
11 0.43867100000000003 0.455701 0.011311000000000015 0.07635799999999998
18 0.45263299999999995 0.467401 0.01802799999999999 0.06527300000000003
13 0.466419 0.499422 0.02368300000000001 0.06773700000000005
6 0.4870979999999999 0.476638 0.015552999999999984 0.07635799999999998
17 0.5782960000000001 0.453854 0.007777000000000034 0.07758900000000002
18 0.5926119999999999 0.4526220000000001 0.014492999999999978 0.05049500000000001
18 0.607458 0.453854 0.016614000000000018 0.05788399999999999
5 0.6277840000000001 0.48464299999999993 0.014139000000000013 0.08005199999999996
6 0.645104 0.45262199999999997 0.016966999999999954 0.06773699999999999
19 0.195299 0.43538 0.017321000000000003 0.025863000000000025
18 0.291092 0.172439 0.017320999999999975 0.068968
18 0.30452500000000005 0.165665 0.013079000000000007 0.06034700000000001
18 0.31866400000000006 0.164434 0.01378600000000002 0.060346999999999984
8 0.423825 0.578243 0.015552999999999984 0.092368
15 0.44238199999999994 0.573317 0.017320999999999975 0.07512600000000003
14 0.461117 0.567159 0.017320999999999975 0.06281000000000003
19 0.71421 0.413212 0.01944100000000004 0.020936999999999983
9 0.830329 0.31037499999999996 0.02050200000000002 0.05418899999999999
0 0.9149880000000001 0.307296 0.018028000000000044 0.08497899999999997
16 0.8442909999999999 0.4587800000000001 0.014492999999999978 0.04064200000000001
3 0.813185 0.306681 0.013078999999999952 0.059116
3 0.8753979999999999 0.31838 0.014492999999999978 0.055421
14 0.8149519999999999 0.45508499999999996 0.014492999999999978 0.04803099999999999
9 0.8753980000000001 0.46247499999999997 0.024390000000000023 0.05788399999999999
14 0.952633 0.455701 0.019795000000000007 0.05665199999999998