14 0.09969538610179102 0.3421784392213553 0.04061512158594764 0.055097831181124324
17 0.365560416880225 0.3090128631798317 0.025189897927558103 0.04080265210439965
8 0.3664030249766479 0.5304950358278547 0.027098847846246055 0.037355228504853955
14 0.7528072330585984 0.38108411875275616 0.03288617080847678 0.04748300204696959
1 0.11922240949088403 0.15941642258476507 0.030429282346762065 0.05457230797654722
19 0.1502416267806777 0.1643830305519814 0.01608480755816097 0.01378504252336557
17 0.2860909245422768 0.05774226681353406 0.023228423631076633 0.045638216283772896
19 0.32081432651984276 0.055449101337888745 0.022223813777017543 0.01768498519342774
19 0.3361459533191076 0.04071153002101113 0.017795516389407573 0.017052278440486505
17 0.3875213569390641 0.06044539112382619 0.02355601599145779 0.0547534612877562
18 0.41636127195698525 0.06607785506297308 0.02495567905746493 0.04467532015489034
18 0.4425904841074462 0.06650043387023052 0.02537749590968108 0.04413121189560273
7 0.48572970177788266 0.08384784118999343 0.026278857136713796 0.056955625638623886
12 0.526668239650642 0.09513831152894023 0.03619565855357365 0.06320939230900104
8 0.7052933992324857 0.16176963633717212 0.02788701357847545 0.028166948347377235
12 0.8991123291648089 0.22210868554435811 0.04270154748572563 0.07260207417523107
11 0.85435799434578 0.20271645357245607 0.033735755257044975 0.06829824566802084
3 0.7771692832938167 0.16962069024875792 0.02791283264500488 0.0656531475421564
1 0.8171846930462185 0.18863895170939915 0.04504721548721646 0.07656533832067258
17 0.8928457135005903 0.11744278182586135 0.019024469976820946 0.03899193718749093
19 0.7280306815462207 0.14234766305485907 0.019866197674888952 0.01644063867518411
19 0.725503768476115 0.16050100390624109 0.015607442414807049 0.013565278426405647