14 0.074619 0.38461500000000004 0.042629 0.05301600000000001
17 0.369284 0.3080919999999999 0.026175999999999977 0.04001199999999999
8 0.36143100000000006 0.546164 0.028419000000000028 0.036011000000000015
14 0.793706 0.326098 0.03440299999999996 0.046014
1 0.103412 0.185056 0.03141100000000001 0.05401600000000001
19 0.13744099999999998 0.185631 0.017200999999999994 0.012354000000000004
17 0.291563 0.050065 0.023820000000000008 0.045514
19 0.329967 0.04226300000000001 0.023820000000000008 0.015605
19 0.347468 0.024057 0.018959000000000004 0.015605
17 0.40337200000000006 0.037386 0.023820000000000008 0.055267000000000004
18 0.43497 0.039012 0.02576400000000001 0.044213
18 0.463894 0.035436 0.026251000000000024 0.043563000000000004
7 0.510805 0.047464 0.02673700000000001 0.057217000000000004
12 0.555528 0.053316 0.03743099999999999 0.062419
8 0.7499770000000001 0.097529 0.02965300000000004 0.026008000000000003
12 0.9614399999999999 0.13264 0.04423699999999997 0.071521
11 0.912828 0.11866099999999999 0.03451499999999996 0.06826999999999998
3 0.828972 0.094928 0.02819499999999997 0.06632000000000002
1 0.8723700000000001 0.10923299999999998 0.04666800000000004 0.07542299999999999
17 0.9586760000000001 0.021036 0.019445000000000046 0.03901199999999999
19 0.775835 0.073147 0.021267999999999954 0.014629000000000003
19 0.772327 0.093059 0.016683000000000003 0.012191000000000007