18 0.32469500000000007 0.123616 0.017276000000000014 0.094881
18 0.140498 0.11307399999999998 0.016768000000000005 0.08433899999999998
9 0.159045 0.128009 0.029471999999999998 0.06149700000000001
9 0.347815 0.136794 0.028963000000000017 0.05446899999999999
17 0.129065 0.10341 0.014228000000000005 0.10718099999999998
17 0.28683899999999996 0.46799999999999997 0.017784999999999995 0.11596599999999996
17 0.42886199999999997 0.43813 0.016259999999999997 0.10542400000000002
17 0.309451 0.115709 0.01930900000000002 0.11772300000000001
17 0.7560980000000002 0.463607 0.016260000000000052 0.12475100000000006
10 0.186992 0.096382 0.021341 0.12123699999999998
6 0.375508 0.108681 0.02235799999999999 0.10366700000000001
4 0.587398 0.088475 0.01930900000000002 0.09136700000000002
8 0.773882 0.099017 0.020325000000000037 0.08785300000000001
8 0.6925810000000001 0.423195 0.016260000000000052 0.06501099999999999
8 0.7901419999999999 0.7148670000000001 0.017275999999999958 0.08609600000000006
7 0.9507110000000001 0.592751 0.020325000000000037 0.10190900000000003
19 0.7555890000000001 0.708717 0.018293000000000004 0.038654999999999995
19 0.591463 0.035763 0.015244000000000035 0.021084999999999996
15 0.591947 0.365273 0.012388999999999983 0.06024200000000002
1 0.8348819999999999 0.334483 0.011226999999999987 0.04685499999999998