18 0.15531682087295706 0.35824475028996994 0.051422846931025445 0.04840460443759159
18 0.48689091261130146 0.6544349554193071 0.0579216881903431 0.06849442377692716
18 0.7325772139275802 0.23792530139811313 0.050012360654542176 0.05672435513655605
18 0.2527279393362673 0.21754583687487017 0.048667772111913615 0.05146721134442314
17 0.7489361167540418 0.6145576958945321 0.03229181218250221 0.06592817229566683
17 0.10245302071465279 0.36351818152877974 0.02616244197174525 0.049714798485080536
17 0.6460623990568608 0.02083265508415815 0.022472861957398504 0.0416653101683163
17 0.3415948904924699 0.03276832196233065 0.018581606063639344 0.03952095970902463
8 0.19298407852078583 0.5808079577095755 0.07580560477802767 0.08314133611808205
8 0.7885987557229117 0.4308826760111058 0.060064914646104306 0.06704121413390629
8 0.36741106330554096 0.028030016608005155 0.046074856762691685 0.05204451344140481
9 0.8506922308039921 0.43480884185356894 0.06884763709407882 0.04356122970678872
9 0.5225432375381182 0.8547441359966523 0.08356588313081481 0.04816906749967853
9 0.7949474515537192 0.050958984582773176 0.08563373811811714 0.060851724579514405
1 0.5333728343678041 0.6493598712927975 0.047472254331030084 0.07579577732932474
1 0.4521518802785357 0.4025205957023011 0.035249612095587246 0.06597458691172742
7 0.5578369922127353 0.13782170546445519 0.050449403381383484 0.059382224697430264
7 0.4332163522813212 0.6576033415737825 0.07641937462884818 0.06836269840997411
0 0.24805618688665312 0.5728729615174366 0.05857551249145437 0.07960829205030961
0 0.06591811720132489 0.3704195021925478 0.04583144710998735 0.06551540406373779
0 0.3928811254937954 0.40319631092190633 0.05895538056504984 0.08730144287424585
15 0.2983796769045265 0.561734621270469 0.05697335051404695 0.07297317574282824
15 0.20776237755853816 0.22334104213992056 0.04663532679458565 0.05541306482879213
12 0.3589602398814602 0.5489810668046717 0.05310332582150967 0.08997497701075574
12 0.3041564118396435 0.21295942796944178 0.04103055507528247 0.055122125183189624
13 0.41307609601740053 0.02232018326968064 0.042255624538114045 0.04464036653936128
13 0.8441048951773362 0.6307310763145146 0.055844863599893046 0.072297205942916
3 0.13675476025642833 0.22153475372176984 0.05200138678026017 0.06523032340806756
3 0.4418520516946344 0.8469445544535268 0.0784417094759432 0.08788934036129814
4 0.7035327248506932 0.6182309077783068 0.06953784830103582 0.09674083826883295
4 0.7471882557139493 0.4432309816053097 0.04687948060556535 0.06229728512214616
17 0.6031225207049298 0.13347443858075064 0.02070407897663684 0.05464603216832431
14 0.6405085154749998 0.13360748239301348 0.042557145015567954 0.05777464499759789
14 0.24844450685207248 0.35589371329826314 0.0466854407645991 0.05234755621172266
5 0.6857392093688415 0.034276665709759666 0.05279377636530336 0.05092634616016544
5 0.34336579040484716 0.22337691480068983 0.038378983798683985 0.04756796144908376
5 0.20227991597031814 0.36370893001660115 0.04264379115804931 0.054026287292796904
11 0.5077646961203817 0.13709087161718186 0.037415334392257305 0.0584937961056429
11 0.7921892020817429 0.6010710689740746 0.05197789051694779 0.07302954106021797
2 0.5019413059958349 0.3952220052243443 0.046567649522105126 0.06355263295535518
6 0.8976863670169888 0.4133170657739117 0.04607705000726836 0.06614706780488067
6 0.3817915549514799 0.1981355898445318 0.03975839099480721 0.04384907484770245
9 0.7997482540284921 0.22999390671746014 0.07627497364435654 0.04273526757413543
16 0.576808900139268 0.6476986057616094 0.051607471933665106 0.04479938114265636