17 0.19816948594900136 0.34641227883785297 0.011874938161800547 0.0343247670112074
18 0.2065213739145544 0.3536933292665512 0.017418294412881896 0.03676166597939212
14 0.21986347596508263 0.3607624272371303 0.01737423260829324 0.02905447626660662
4 0.20946685389107578 0.47291149991623604 0.02364697824383516 0.060367539507681756
3 0.22508092677718106 0.4900036104703018 0.020510605426064227 0.04471100788714433
12 0.24759620859522702 0.4884696216615072 0.02396116167598658 0.05611236350792631
12 0.2193140348195164 0.6273519052735763 0.027628597541521333 0.06596224108901327
17 0.19587974363139027 0.6257730650447357 0.018141330773948222 0.05465269103848036
1 0.1776482389881586 0.6159541008573466 0.03259597374798684 0.06649822843524111
19 0.39558369753930905 0.7219881364180727 0.016657645702717327 0.02214951963093381
1 0.4594639044191183 0.7187847516483308 0.02625521162990585 0.05272843777785008
17 0.48795250474744956 0.7295033074230202 0.018298422490023947 0.05252510303860258
14 0.5033305606793576 0.7428811907621122 0.014602554482752605 0.02783602678251418
8 0.49428662845763843 0.5487852782564067 0.02264746723181188 0.043453740947332564
17 0.515681554520748 0.5500680489661376 0.016491373779279783 0.042395185016442904
1 0.5370209034079181 0.5618556368098151 0.014706404186877964 0.036119326455482326
3 0.5503667059983712 0.5629092313021512 0.021795867728502505 0.042530431772736854
12 0.5725384206181698 0.5726560752776464 0.022990179237795894 0.05403869283219165
17 0.6611271433852671 0.48495298037035006 0.012308600960929228 0.031220881722203775
7 0.6673462475091861 0.5746258765354741 0.023505516190611475 0.055363118545343704
18 0.672669501372805 0.4894256617681634 0.018329681815728027 0.038261085114170645
14 0.6886630434217292 0.49886319477535157 0.017298911478000667 0.03561130447825328
1 0.6900085674799885 0.5936126321147079 0.028413200929636395 0.05532392514100215
12 0.7213496648952841 0.6007728219986856 0.028345184447097438 0.0728671977246863
17 0.7399776938448308 0.7025173786775005 0.01575915721085186 0.04262223734298587
18 0.7536069307254036 0.7088100850491144 0.021714097142719324 0.03810119156096803
18 0.7696234070849335 0.7140458061196988 0.02195295944457809 0.040402843772858854
12 0.7206247534552247 0.8630732680182106 0.025343824227059608 0.0512290186430715
19 0.7163200735856021 0.7110693856804329 0.014655892926798808 0.017426068319281618
19 0.720305296991117 0.7025932656467098 0.012437260535268613 0.014254095047324777
15 0.6871729876440251 0.8582944891484139 0.021519296645449493 0.04350672906186237
8 0.6597940828915427 0.8468609203769297 0.022072438811555628 0.041554134483610894
4 0.7177269580354297 0.9661801758403554 0.03170666546348333 0.06763964831928904
8 0.7431530448682508 0.9770762362948144 0.027919846663066794 0.045847527410371125
9 0.7729949239815593 0.9962617968701257 0.03108112578314781 0.007476406259748547
2 0.8049745382565728 0.9940780569184573 0.02649397749966864 0.011843886163085404
14 0.8236479939060288 0.849702558004591 0.03773419577377202 0.08687914057704416
19 0.8875564739672627 0.8774959853491784 0.012488056098086897 0.015923245005724285
19 0.8861637578528705 0.8889170263283157 0.013003489482998565 0.017248599928489594