17 0.16617820053911103 0.4549273402671132 0.01279267652715485 0.028918688081468025
18 0.17625371587125105 0.4587900611556792 0.018984263472666907 0.029341551745497796
14 0.19140514536806713 0.46088361983325904 0.019059434552072346 0.021938719375431126
4 0.2039473926797843 0.5643963883288532 0.025603689240701638 0.049901704834434124
3 0.22350400329114434 0.5747277290458452 0.022331561896386992 0.03592021210493257
12 0.24628640494315593 0.5662292251074534 0.026025694220583928 0.04569715854606182
12 0.2460110620755577 0.6992940346710543 0.02998871248513807 0.053905596949505474
17 0.22164160298630042 0.7053017038108247 0.019507524605106297 0.04631075963614084
1 0.20090475172845393 0.7022985776250863 0.035563624392817406 0.052698617332922804
19 0.44644186829002275 0.7280635940033192 0.018365673390714654 0.015541286300580381
1 0.5113176931934854 0.7049783493896579 0.02865907361283876 0.041644495906305146
17 0.5427641158106981 0.7055383031794695 0.01971852709504751 0.044208486491954635
14 0.5613099372470873 0.7126251574638574 0.01596364107931625 0.02172728754341635
8 0.5118638234564984 0.5420352625559364 0.02475384543829673 0.03396896169789998
17 0.5340796982233955 0.5364086139625894 0.017851209702437587 0.03508526243558696
1 0.5584124826148078 0.540187141634274 0.015946353450327022 0.029663885019983738
3 0.5723228244131993 0.5369038014242361 0.023811542927497098 0.03337564840799989
12 0.5970872618012504 0.5385951256071482 0.02496781152975991 0.04403803686608432
17 0.669826242924297 0.4321751243578046 0.01333035504746527 0.025780811094635148
7 0.6947642621562551 0.5103421198966883 0.025525647920177974 0.04513404980359237
18 0.6825938829357028 0.43251815203825605 0.01998444943388278 0.0304686301418986
14 0.7009557308883005 0.43588888570132456 0.018868683292642685 0.02827574335542038
1 0.7219442053105776 0.5201353382738763 0.031042769737844922 0.0433941659919711
12 0.7555807959126526 0.5166123596398967 0.03068247364649579 0.06030303002435633
17 0.7957480992411423 0.6016388470642777 0.0170244873716624 0.03555775753576451
18 0.811033447429436 0.602947688648982 0.023791291696985573 0.029140897572196955
18 0.8285492770177456 0.6025562318130281 0.024022545417438423 0.031273375263813685
12 0.809119088552159 0.7512454490866529 0.027658887651622832 0.04051741750990412
19 0.773246050904899 0.6167706011718777 0.016192024558650653 0.011689277834124656
19 0.7755806451095288 0.6079343529344035 0.013749489786229474 0.00940577740535442
15 0.7738098529404858 0.7575647390787985 0.02348486689712781 0.03441125225064656
8 0.7433539682677324 0.7560145208857882 0.02413821895786672 0.03234004456535311
4 0.8276091531561223 0.8448459191997005 0.03452589957210106 0.05527338557728645
8 0.857066951307526 0.8513560571379902 0.030447301127522253 0.04599913878376527
9 0.8946317981953688 0.871912990037665 0.03415594419999457 0.03566986125888072
2 0.9272383035889605 0.8609108393718816 0.02889023397288759 0.04377611268646009
14 0.9120501450380522 0.706682711918796 0.04100949392959996 0.07053297944034242
19 0.983369643130034 0.7112886774656233 0.013779580506462441 0.010994704499941998
19 0.9843043060286009 0.7219359310316906 0.014337510257284691 0.01209157834891228