18 0.345721087986247 0.043685072309958266 0.01626273347378432 0.08737014461991653
9 0.3653328751511208 0.06077720187092789 0.02528609363855394 0.06855331925149907
17 0.32053047325623096 0.3577843163868981 0.017087775602572075 0.12377308273797633
17 0.4389071361289802 0.40000663453516155 0.01561124432130001 0.11256775514416517
17 0.33280498790539415 0.04182840037268889 0.018397325501742168 0.08365680074537778
17 0.7134429115096002 0.5906302781922246 0.015976760903615994 0.13169765887379303
10 0.22988237952080076 0.002440375669828138 0.020165544554109377 0.004880751339656276
6 0.38799355845063666 0.05195212483373588 0.02068497497902616 0.10390424966747176
4 0.5650652775341399 0.13405186147756992 0.017898874886358662 0.10019527191964064
8 0.7214414661918191 0.23874755372661322 0.01868329807191038 0.09723066039518502
8 0.65948434685138 0.5185247564864613 0.014846944552006636 0.07256688592362154
8 0.7467060021282277 0.8565359970841075 0.016096589572731523 0.09395041440253526
7 0.8788700113853392 0.816827397949526 0.018949128313594743 0.11114331765309615
19 0.7176522092488515 0.8329833705839037 0.01605109290961837 0.047507274808402666
19 0.5674727367683141 0.08393213378178718 0.013165325388544535 0.028575289400602347
15 0.5741098450219456 0.41032644413760677 0.011514863007178633 0.06588986371966027
1 0.7769809962826963 0.5026456632684263 0.010288532065202416 0.05205203328589242