19 0.05351788057611685 0.41555892479728773 0.0259938782987583 0.03669947357114095
8 0.2531976348626908 0.3925185460500984 0.04444581385131105 0.09024499480586101
8 0.32296651353754624 0.09647596753182242 0.053822715723696235 0.08167448582852738
8 0.3648775024190982 0.09150230989202714 0.043507809986191526 0.061550826015199574
12 0.40865779839872407 0.09881507865476036 0.04970515619423499 0.06738086925237174
12 0.5712800296643528 0.5224623180534419 0.040832308078910806 0.08711432498031185
12 0.7823171110605941 0.5526593636723439 0.03701104418951329 0.07623591251820505
17 0.5152536958551356 0.5234832750370151 0.030985903151049987 0.0921771538896915
17 0.6424188238808719 0.6732284349948564 0.001137820591643357 0.0025121797674336754
18 0.5418686655793559 0.5207075482486528 0.02989827576612447 0.04894816452250067
18 0.7601565547136251 0.5594250828147793 0.03294393901878978 0.052272918979087146
17 0.7392876638605037 0.5510276438803884 0.03080841564330683 0.08982935245960877
18 0.2861219798962885 0.39002712168288023 0.03753301395700859 0.06145694960988485
14 0.3242686414844391 0.3857917009728403 0.0558252464044382 0.08171214773635899