14 0.14388600616311345 0.2806570983626897 0.051673874134641806 0.05745260569759669
17 0.43515339838537936 0.30797706341224557 0.033425515313695475 0.04150430377105563
8 0.3737283559837141 0.5042919616636118 0.03460058369021407 0.03885845393716286
14 0.8255290929008202 0.45437236140464443 0.042436483218768695 0.04906120321136881
1 0.2160172322212526 0.12297451550718616 0.04147491088359667 0.05481531366991427
19 0.24751398688227944 0.13398691345000202 0.01879579137242171 0.015637188671244334
17 0.42158044510580195 0.06851730854242491 0.03248667765950103 0.04536823240862063
19 0.45904797567119604 0.07389059628646824 0.025686793587742895 0.02039982361669937
19 0.47945306170785984 0.06410876676309042 0.02116884737941377 0.018895286231234876
17 0.5283813860242343 0.09253893705892219 0.0347040459884943 0.05351015928506618
18 0.5573797554549711 0.10367629955132343 0.033997698849909 0.04488383242031574
18 0.5850755236119369 0.10964333227556647 0.03430255087055245 0.044491936556994724
7 0.6259412935507997 0.13420397084377528 0.03785852273875612 0.05604089000886249
12 0.6661776051687225 0.1529315949998622 0.048980505894720916 0.06369350528029678
8 0.8368518850011393 0.2500254436446334 0.03347329056604553 0.030889761615905342
12 0.9983605140504348 0.3447868639931816 0.0032789718991302896 0.07339850722839486
11 0.9798026872459613 0.3180710263689158 0.040394625508077264 0.067675456831984
3 0.9108633399304948 0.27230398936519 0.04128321701727289 0.06409145708479011
1 0.9479463501883981 0.29767818079426833 0.06052211716592382 0.07740836927770561
19 0.8664283238188649 0.23767440278046123 0.023092999084447063 0.018795172170693097
19 0.8586408510282493 0.25321142265807606 0.018277289572629196 0.015340787055903193