19 0.02646814917324436 0.5833733470565228 0.05293629834648872 0.04609605232785752
8 0.22859341921729967 0.479340428381377 0.05078109153099425 0.09724502049434841
8 0.2554428162129665 0.1354300468542108 0.06068800801451474 0.0937754142100211
8 0.29561344166797243 0.10994190370222276 0.049922179875471207 0.07777864961006957
12 0.33840777930014987 0.09103537988694196 0.05951100847232349 0.10189343528888427
12 0.5629987344064138 0.493029197280385 0.04871545991049109 0.09551190688873878
12 0.7837376877375539 0.44160325895460895 0.045066972248934856 0.08495184426079583
17 0.5065210215911469 0.5161099098906323 0.03880758381098215 0.09898126667517204
17 0.6557868972373322 0.6268200073593844 0.0013725411566501977 0.0027585154403678702
18 0.5329841927261696 0.5027170378829793 0.03434755703460113 0.054532233519560935
18 0.7616321753796739 0.4578347288134631 0.03870504192884372 0.05926000754809896
17 0.7388862386187345 0.4570822688159486 0.039501633890823507 0.09795611133830756
18 0.2604623180176551 0.4638996584133804 0.041901260166827686 0.06729794621612883
14 0.2973986585609275 0.44451890859853005 0.061849274670773 0.09046524957052943