17 0.29536442735135593 0.1769127868810482 0.012065420587946463 0.08529850594451821
13 0.3478398654661963 0.18988722523363044 0.024939394843273288 0.06967092918573428
10 0.3683972296281872 0.16580909804224636 0.020686467436706713 0.08783593657688601
7 0.4402777132832738 0.4553025832561291 0.017917579449586052 0.08752035173198636
11 0.45424959792650915 0.45840883756348777 0.01345622480959796 0.07275430981571285
18 0.4672411836274528 0.47080238128006535 0.018973788315860607 0.06304397476229245
13 0.4809661526796165 0.5022333153776715 0.024136035879381346 0.06593056552824905
6 0.4984497043843089 0.4829749163533015 0.01724758144012295 0.07318643083316428
17 0.5789607615647172 0.47090009630810525 0.010351610464189753 0.0735486387578243
18 0.5917019202901239 0.4712031627032218 0.01516659250734198 0.048826312548277795
18 0.6050247743085566 0.4738707500353372 0.01738613679747847 0.05597115374007272
5 0.6245409753631284 0.5048126305300159 0.016145706968638485 0.07650631197774055
6 0.6386175007355539 0.47655038015915263 0.018133501430865118 0.06524642485092619
19 0.2358412205509891 0.4145618739721209 0.016614522683126437 0.026016582185116932
18 0.3099328541342683 0.17775616501934732 0.018503850446956516 0.06643681379205951
18 0.32164190678084315 0.1727724626617517 0.014334628263665605 0.05792064645321959
18 0.3342249127025636 0.1730584362632689 0.014966521035419678 0.057992666622794786
8 0.446351860591531 0.5718060628266097 0.017949312967762754 0.08819925783762206
15 0.46272157110914225 0.569077226888167 0.018773760674764495 0.07221126655242494
14 0.4791963724496709 0.5652112576879034 0.01823394021914837 0.06066236103169409
19 0.698654741573078 0.44663464825885957 0.018293396582176324 0.021613353704512783
9 0.7979305595024191 0.36203151462159233 0.020699145256127705 0.05290235453975223
0 0.8734609652993139 0.36776827061208817 0.01983751857717697 0.08152259868170797
16 0.8169140383005531 0.5026154715576824 0.01473472737668391 0.03958700058857012
3 0.7824459190400795 0.35682118042612887 0.01428067251659959 0.056766318530515836
3 0.8385625784913987 0.3741289847328541 0.015382503157257865 0.05344549967032386
14 0.7905298740193509 0.4961619281218933 0.015058593351557792 0.046515781271639245
9 0.8448783813942893 0.5092491163510513 0.024336063520477347 0.056763273738116515
14 0.913611511301767 0.5107647504280228 0.020175207809331352 0.05513992793120004