19 0.1999570875640167 0.11371609912450771 0.021993070079696947 0.02468731148950512
17 0.18143635781400558 0.10387636527027745 0.036198519124602285 0.09855273175097998
17 0.3609994173269941 0.482992442767814 0.018176173438950283 0.05920651276020539
14 0.4343029267336961 0.14914785311038425 0.03653935628022248 0.07571537681832168
14 0.3570880171835996 0.8625262493432325 0.03642574389501585 0.08332782846254116
14 0.4868752231035796 0.8743276620534597 0.029660634327084767 0.06399387243653598
2 0.13869004360059703 0.45329136989860136 0.024533420237775216 0.055589914696118514
2 0.6089918132644987 0.5322199869079534 0.023036020388322753 0.05536351638125059
12 0.5801869958747075 0.2509839526679009 0.025028085146693635 0.05261285353289105
12 0.8379759775594804 0.5637124172742365 0.028784989893022472 0.062336431124610736
12 0.3983073960554049 0.4901975307998393 0.027668569568713774 0.06674453528489549
9 0.110479155443992 0.45528338247851396 0.03524244395435676 0.0419497996117541
9 0.5852105368124159 0.5356638987489908 0.03686686131171313 0.043721328086952393
8 0.08872391701208157 0.43869727143214765 0.024165772836760663 0.06011210601967654
8 0.37646808073043847 0.48845988539458707 0.026171169719261145 0.06651813697002767
8 0.42978258165240885 0.8680420820926238 0.03204715673186476 0.0750361818737183
7 0.4576750051291376 0.8699127556771818 0.03141206919234513 0.06731053107206475
7 0.8137125204110598 0.5545687502814045 0.03365816896652407 0.06765012854436658
14 0.9307584224879957 0.5738297574346736 0.03016870435870056 0.07017439307785855
14 0.4670113136067072 0.40594473306055284 0.018035750808349182 0.04850380079532468
19 0.891257245861985 0.6163508748027969 0.021371387662874497 0.02611924249240194
19 0.3896703294869488 0.8580665021903668 0.029353051819055953 0.024274172903513414
19 0.3886336942831813 0.8845025560281214 0.02586358721123222 0.026798437437005274
0 0.45185295795804803 0.40130727348032336 0.026425204735068875 0.06960839729068902
0 0.5585372859014803 0.2469284727857966 0.0229223350045481 0.06297508001963084
0 0.5641529737638604 0.5105794325844497 0.028176639600329456 0.07292505592621812