0 0.15046365578363677 0.4191602180299797 0.06446558381487812 0.11501089234141387
1 0.17604869486047725 0.42424249872202086 0.06067388016406497 0.10272140998806112
2 0.20509983400396686 0.42914821911857465 0.06801805092221141 0.10724894084389802
3 0.3089278817504366 0.5541754793864724 0.057153926077037565 0.09606209611790661
1 0.3305531862622256 0.5546831301902284 0.045745061660092845 0.08126834700804608
0 0.3495425547169153 0.5533805663304803 0.04704657226017628 0.08144471652844298
5 0.3596948498328996 0.5860891362273173 0.04849367225921819 0.08164081507176746
6 0.3913184074956872 0.5551649815877566 0.052999233232828624 0.08755061190553493
7 0.5537374825196915 0.482207202919383 0.058056520345644014 0.11119828188262187
4 0.5722926863540078 0.4910203086759478 0.05835277537155781 0.10682226384898841
8 0.5995911127434367 0.4835752435676893 0.056058393595438405 0.09326363102010637
9 0.6279421277066852 0.5011456184677346 0.0577845808212063 0.06847494177432517
10 0.6605875910284995 0.49377888144744553 0.05870364350095936 0.10422057647038446
4 0.7573578044781157 0.48282800342219867 0.043058094612572595 0.07825499833896571
11 0.77809080567978 0.48660652132089977 0.055451311084021127 0.09229828641746801
0 0.8005084511114804 0.48479871891611076 0.04452554268724207 0.08375232229683538
9 0.81907928403991 0.5015286722546844 0.04539108662773872 0.05443084211040122
10 0.8504416450050282 0.4797755156466975 0.04416477104810612 0.07987702026483906
8 0.9770701811722106 0.38533149278931406 0.041790293596311034 0.0745501108882094
3 0.9862474589945873 0.3884897484611082 0.027505082010825244 0.07388883697756149
6 0.9941904129382954 0.38917910291408686 0.011619174123409293 0.08075398933218852