18 0.09704267100839488 0.2312182536177731 0.05460618219811014 0.07611097169373468
17 0.19362117869163192 0.23605915837803038 0.05229768258425774 0.07879211301027203
8 0.304106774542132 0.24011885320549786 0.07416560304426906 0.09374365347204319
1 0.44342125052021825 0.24900186280149617 0.07515690211671067 0.0908348301804609
7 0.546838324047514 0.255884262865965 0.07178422092655135 0.09558067094276615
15 0.6592355157023688 0.24948658187409778 0.07414292203781925 0.0889005696152553
4 0.7464928400255848 0.252918566708328 0.07684479320309456 0.09888078952166021
11 0.8605313942644031 0.23981096634990615 0.08109738794591292 0.10225873370177546
0 0.9639965041229221 0.24552344582781344 0.0720069917541557 0.11085983770878768
0 0.8886982074263572 0.4674854290540932 0.10475185637712225 0.09274426777940953
11 0.8068346536283892 0.4582182743051474 0.07456595905623342 0.07173201640893168
4 0.7159377052796507 0.45564193591732427 0.07793317829339486 0.07405515280666813
15 0.6083031884523885 0.449892920698036 0.07478524423200938 0.06440391445790344
7 0.520633984123509 0.44647469264861983 0.07562667022641656 0.07232838714127748
1 0.39073717777878647 0.4456468111361769 0.09836702715721934 0.07092613139733167
8 0.23025871887964833 0.4271452210984613 0.08558505509798794 0.09000258519299403
17 0.13757475519389706 0.40864199153398806 0.07592181180248153 0.07126443937672339
18 0.06342739777316944 0.40094415952930396 0.04290417563865928 0.0832072646994712
13 0.031168132961585965 0.5488548913038542 0.024775673611543234 0.07678019430116256
13 0.012193120498299806 0.6327746387648108 0.01021546573428317 0.05480712582818248
14 0.08147117426290235 0.5429347361588506 0.07953540736893647 0.07376523309794802
14 0.06329851178990256 0.6414261634189303 0.07986434443618154 0.08597971475426736
9 0.1647559079493206 0.5589070781483357 0.06918097190450037 0.051566485633340875
9 0.14113711840125054 0.6472176188721459 0.06795900509986005 0.05083694213373835
10 0.2602443403871988 0.5457979531947941 0.05677262399344496 0.06768715579638462
10 0.2159928094552635 0.6447727665477321 0.04890149929580512 0.06664662477631178
2 0.3137070958500616 0.5464103940193159 0.05326855160344135 0.06711042636706355
2 0.2823518084316872 0.6490148730849449 0.05294433537217935 0.07216207979330824
12 0.3802036209145534 0.5466155913218813 0.06351559040499977 0.06918803007666408
12 0.3576930347211091 0.6503040731684364 0.06216477821275623 0.07658848547015107
6 0.44970683657659033 0.5425139343591558 0.05460913497391218 0.06589059314772261
6 0.4244985255547583 0.6541922166547753 0.05818280314592844 0.06572027476427722
16 0.5130581407247646 0.5528838336739051 0.04001345771222281 0.04753932094882307
16 0.4784643921119913 0.662247585500592 0.04155049317809728 0.047211368875587634
5 0.5718575110223527 0.5630877493309709 0.03909403547643542 0.055425892080337213
5 0.5466821651430434 0.669434527925557 0.043849213947378285 0.061507499352774664
3 0.9716226083820091 0.48242326993973095 0.05675478323598182 0.0899365885299781