0 0.02635238309299088 0.6201316008605329 0.05270476618598176 0.15871705388899227
1 0.043371524732119526 0.6144827061068397 0.08557238237907644 0.14952352548724757
2 0.08404277053431856 0.6024403459314414 0.09431930638575478 0.15651882203779977
3 0.28679823103810825 0.6807734087484767 0.07490593953559069 0.13571497089759965
1 0.31340457322955506 0.6681225920159448 0.059277162964693264 0.11321512026439595
0 0.33546860430903847 0.6552318155622118 0.06032161179338985 0.11316755803182565
5 0.36629127432989816 0.6854794085112121 0.06184753347413735 0.11392828491432272
6 0.3859230955387245 0.6324208910435983 0.06642213240587241 0.12088082409824419
7 0.5288894457150384 0.464050646846284 0.06667431177447403 0.14261799407626674
4 0.5539046479530585 0.4634869787423783 0.06641499018040131 0.13718223743058994
8 0.5791724890517184 0.44148834458604314 0.06302018910377383 0.12031664346905213
9 0.618830741036146 0.44492341111139755 0.06438961783732589 0.0926566919371013
10 0.6490711648937402 0.42097759203936935 0.06386658620393437 0.13108616918012345
4 0.7417357613319947 0.3622665118410073 0.044563633278894565 0.09544452511573409
11 0.7642756052797686 0.35614336297200583 0.056972307568589176 0.11329045239957025
0 0.7853994477760614 0.34372625334463147 0.04502839345899545 0.1005391806001083
9 0.8123188007362113 0.35131983513559084 0.04616596393414851 0.06961111438070339
10 0.8310574630448478 0.31553010166022843 0.04363583150746919 0.09503907140958401
8 0.8995399200397347 0.17002405531517623 0.03731096554473867 0.08474184632821485
3 0.9081230505694782 0.16922894333806798 0.021001109587720612 0.07812496781459019