18 0.21544909326683143 0.12522625702451304 0.08372393665002298 0.0776162024133445
17 0.30619908819780783 0.1808960154538649 0.06709634314602003 0.06894522832044872
8 0.40066783988587357 0.23767211931319182 0.09009829205354902 0.08768602125141836
1 0.5171950413618743 0.3114993086639022 0.09002462526862881 0.08624941519976276
7 0.6025882085397365 0.3658613759934815 0.08860150865341876 0.0870542671272253
15 0.6986615526133175 0.4134478553748091 0.08861107874743146 0.08438770487046604
4 0.7700829772432346 0.4566196062989365 0.09393304080828568 0.09106209498163503
11 0.8681749875234495 0.49897420391301917 0.09867284933585352 0.09496038533544543
0 0.9518617394380527 0.5519862140925779 0.09627652112389451 0.09824751770197038
0 0.8191069896977488 0.6836817932895607 0.1113698940761213 0.09694760210388298
11 0.7557792606461147 0.6405719096390299 0.08125752560398014 0.0723584427870333
4 0.6825881569545675 0.5980154471025093 0.08477799584883716 0.0753205962540362
15 0.5959043141551719 0.5451388298280211 0.07954392955911105 0.0689294171076551
7 0.5243163063311131 0.502615343673864 0.08272213450384586 0.07378506105528987
1 0.4159461240980717 0.4422759161436477 0.10117920661408875 0.08386086104850621
8 0.285155977152672 0.3529244074025254 0.09644705001476991 0.08867993992069212
17 0.21058055793857494 0.29439319654520835 0.08348870730905422 0.07445977934524545
18 0.13051659346948175 0.24266180337532733 0.09422962611373012 0.08542458770550218
13 0.060361873707901456 0.3436363517416865 0.08410303534260521 0.0764410149585405
13 0.027987278906646082 0.40338184402867205 0.055974557813292164 0.052473621982484786
14 0.1272231073166318 0.3748017054092808 0.0858404304676949 0.07605008329429147
14 0.08672793064785067 0.4433606068092514 0.08823736243883956 0.08138378346872893
9 0.1941222595555147 0.4260738441427243 0.07106683814194753 0.05927170173165652
9 0.15126076899598725 0.4835967026955521 0.06914993494675292 0.057584285436658
10 0.27849281854303237 0.459910544991192 0.06519858013885046 0.06192468751193153
10 0.2150450894892481 0.5158124368117931 0.05769111636759966 0.05689297763805129
2 0.3233350175120071 0.48490899737288895 0.062167708763956 0.05994225566760791
2 0.26956649613583594 0.5490773551456525 0.06246775828762752 0.06150957101768928
12 0.37898331721425793 0.5154031425807394 0.07110294804261263 0.06568228078391708
12 0.3319970696525087 0.5839337736595864 0.07114396914509458 0.0679131304095264
6 0.43799704176143683 0.5438236234359868 0.06296692725160263 0.059822730383609524
6 0.3862230856676204 0.6167300029799325 0.06489853061517897 0.06035737216184989
16 0.4874877987049002 0.5802832229424677 0.04586468735564009 0.04332636355473374
16 0.42840197416007025 0.6467371990911406 0.04636851521181096 0.043152690090545454
5 0.5329818825916812 0.6142870404390626 0.047370317357988134 0.04698383144860008
5 0.4822676699247276 0.6821523204412432 0.052216438352914174 0.051524484280112026
3 0.9918551262201059 0.596204237519626 0.01628974755978818 0.09111504693079664
3 0.8959159200630178 0.7394857933021455 0.10225933443738167 0.09064177562810805