18 0.06645317970187198 0.2454384354757504 0.04881062855495501 0.07995293280187679
17 0.1640902739816876 0.2554649277056382 0.030018967562163767 0.08109913927462187
8 0.2650389651094535 0.264654639718352 0.04691392047890655 0.09654368129331875
1 0.39178526152628323 0.28001894846420383 0.04871697239487088 0.09301890297037757
7 0.48481984323310784 0.29155450998142524 0.04502159855413568 0.09702249418957254
15 0.5815252349589775 0.2901175453467659 0.04863662135184077 0.09027725992205413
4 0.6579907407959087 0.2973277551682743 0.04939095057139975 0.0997539927778848
11 0.7530715338999759 0.28924294598505274 0.052823047200214246 0.10302876325217974
0 0.8451153196400119 0.29949493123705745 0.0492348080835191 0.11068787853580606
0 0.8263204203120791 0.5119313735275925 0.07342442605933741 0.09045442878858934
11 0.7556858832290643 0.5004086348190278 0.051381288023851224 0.07009636023692595
4 0.6783144053431035 0.494809109910316 0.05384045340111099 0.0726971130837481
15 0.5852273693901224 0.4855491654435048 0.05286521556678492 0.06381359564797501
7 0.5090229744731543 0.47911747560711665 0.05214225641009679 0.07166882954383647
1 0.39603076192040954 0.47366366457294273 0.07239334106390138 0.0715345633933166
8 0.24996388356440621 0.44952914603465394 0.05721462330030852 0.09025697100203167
17 0.16222796312256976 0.4277144864371135 0.05263764100165061 0.07231016073593666
18 0.074552389500253 0.416089706809779 0.057540386840025756 0.08511069371912117
13 0.0835730695403567 0.5612667122165926 0.05109122713092052 0.07646084091430805
13 0.09512725276531037 0.6424691597636751 0.03350443132241529 0.05367165045036004
14 0.1497288400829774 0.55819384234513 0.05480446568688947 0.07306680833285695
14 0.1609640124420324 0.6529037712320971 0.05200395185376888 0.0832113600584855
9 0.22770961674203194 0.5764523404483635 0.05035020302841553 0.0511764948416531
9 0.23077512159468627 0.6607228701041881 0.04911171476584994 0.04957225298038648
10 0.30796859867083015 0.56674469313085 0.03601052489500833 0.06600442887831803
10 0.29534430274506185 0.6604298588869351 0.029032530962971814 0.063702713533201
2 0.3547413876699318 0.5690340827812489 0.033127380219767855 0.06519875162833899
2 0.3538973359572216 0.666261709252284 0.03156310163380405 0.06873987316896646
12 0.4124754390427783 0.5713139975587976 0.041767868496032035 0.06731054711889617
12 0.41904675240059075 0.6695052042861608 0.03883343625786123 0.07288569376398546
6 0.47140221716608266 0.5695713354611359 0.03475414513352809 0.06378971449829107
6 0.4771132932032919 0.6749991319567574 0.037574803480972085 0.06246330733769068
16 0.5282280766305794 0.5815169890680596 0.025649415314316637 0.04583761935553732
16 0.5249182203739233 0.6840481262411928 0.026807579317533192 0.04470113204949688
5 0.5807515700640185 0.5930167605079567 0.023475951462391342 0.05298523530753729
5 0.5842634517443863 0.6925180311782339 0.026236376497447922 0.05773441578262495
3 0.9257057913899327 0.3051633853358596 0.04542999293597261 0.10282644588226969
3 0.9140552008543705 0.5296417401614908 0.06522578179628769 0.0871571163389332