18 0.1434459418334568 0.06437825350155776 0.07089827682546883 0.10418071674000895
17 0.2372504258070121 0.1178729414017291 0.05666937736366215 0.09886999030911875
8 0.3386767486239257 0.17395403670716086 0.08079497176168787 0.12527652647365864
1 0.4670378209257986 0.2501000492199609 0.08465271180843975 0.12515527867289863
7 0.5632028255552085 0.3074329034274067 0.08487760884918982 0.1296541560981483
15 0.6714387024539787 0.3541840024962539 0.08893081555376359 0.12679881835249074
4 0.7547841460880619 0.40060438597283626 0.09600251169744234 0.13977085967140557
11 0.869073922837635 0.44145098377435144 0.10473699258370783 0.14876888340356137
0 0.9595266638281135 0.5011578241615285 0.08094667234377306 0.15832134818192123
0 0.8407566408796601 0.7093951702007602 0.1186971653385478 0.13892964995704193
11 0.7662020133539964 0.6597656860731254 0.08430013458877816 0.10341019857484224
4 0.6826230874298577 0.6132169755452797 0.08600090879711564 0.10595325851193482
15 0.5849450638330598 0.5557256420386623 0.0792316882332883 0.09427084594795654
7 0.505892449890925 0.5105650341068998 0.07971412284580598 0.10075812633031361
1 0.38930215243345845 0.44905063633701237 0.0970828941478587 0.10837029237563606
8 0.24915892061117934 0.35460007706792973 0.08499754818728525 0.11722182366020256
17 0.16922977344732348 0.2918162289191101 0.07326688353199698 0.09608300408214482
18 0.08784054088554749 0.24043520315169126 0.07985487059786332 0.10939135927818452
13 0.04430262051226422 0.3848460422446577 0.07116787015335754 0.09623870137529378
13 0.02732097576093153 0.4665919866876892 0.04718957731893951 0.0655232704035476
14 0.10905793251736638 0.41270473968816535 0.07383929506604422 0.09534191718732349
14 0.08627016142695909 0.5071396718295604 0.07334588602796502 0.10200230287331902
9 0.17869871727895842 0.46710767814855986 0.06379445360638364 0.07308211162871625
9 0.15078973869154272 0.5478685967573549 0.06138378144936216 0.07004582698121353
10 0.26203367835357944 0.4963725356993987 0.056397475844401884 0.08188605694286644
10 0.2138862359494551 0.5787446541675905 0.047857562378331525 0.07456634076247182
2 0.3082510534336377 0.5213719634597558 0.05415869493166464 0.08039175815986754
2 0.2695871895309915 0.6129006537784504 0.052830719821374744 0.08138166149422732
12 0.36619509048628524 0.5520845420723706 0.06441659299879998 0.0876371846893148
12 0.3336006697856183 0.6483512110836387 0.06245015968739448 0.08999297255087801
6 0.4277016178666757 0.579858516575857 0.0574023320263502 0.08163546977646086
6 0.39027174391537667 0.6827979385169607 0.05871643711157187 0.08007562124272305
16 0.4819721876615142 0.6201682200173307 0.04260661674478511 0.05951755276184545
16 0.4354989526106206 0.715665699644118 0.042505776690729746 0.057694456082048484
5 0.5324615374132425 0.6581734683601773 0.04371124051230679 0.06618867852226518
5 0.4934373586548957 0.7542282698819277 0.047409505787359585 0.07092750851207752
3 0.9117085697456062 0.7637652563584145 0.06915309608667919 0.11000965388216766