0 0.22617546412942466 0.275223518359362 0.07487097836953155 0.10722080333351583
1 0.24581527802907996 0.29190423818854416 0.06919207461981808 0.09731813616918644
2 0.268297740476589 0.30999765596600126 0.07574249043121395 0.1039515577294991
3 0.3260378813157512 0.4799238803585773 0.06501637672459193 0.09121664760585302
1 0.34343491323380404 0.4903136169339252 0.05304940296528876 0.0758605108095175
0 0.3590791642550405 0.4977249260260225 0.054065763805992484 0.07662860003718258
5 0.36041626643948554 0.5343981033387202 0.055195816662660935 0.0774826091559302
6 0.39251775583563225 0.5185828953614695 0.05993736106880854 0.08359094478203055
7 0.5393287708480653 0.5214406918340975 0.06918655840533461 0.1015221087423796
4 0.5524937544775881 0.5385588738471967 0.06839861588127472 0.09882238588493886
8 0.5761555563655787 0.5437563434401234 0.06354922014155473 0.08884518025651594
9 0.5954072967345196 0.5739309908300285 0.05912177030773391 0.07357624043687838
10 0.6233805869739335 0.5816511972325329 0.06806114463163915 0.09730501868721686
4 0.7040112569745637 0.6151960116020143 0.05033966005368029 0.07255035877034588
11 0.7199980138388059 0.6283804627164737 0.06287132177984334 0.08791209830945257
0 0.7385234369206737 0.63686531843245 0.0527085372874575 0.07686524187856525
9 0.7500357483613936 0.6617429998870109 0.04658971307117321 0.05821383322134022
10 0.7799966862702395 0.6547887470947777 0.05154363675875828 0.07416165233333383
8 0.9023580184400517 0.620234133788925 0.04853415508949721 0.06950241586006489
3 0.9138066444269266 0.6301726552177223 0.046350376423409 0.06771194371716005
6 0.9303181854649488 0.6402614687610786 0.05497039726381514 0.07689147684250452