0 0.17340321176934814 0.34890828178447897 0.061595483398451056 0.13671564909062056
1 0.19799236361523764 0.3597201236072337 0.05799071609001469 0.12272780495417457
2 0.22591011263718713 0.3709521282840462 0.06503604402894869 0.12907344978235263
3 0.3260088330672257 0.5408917775537875 0.05462872030829796 0.1148543984807478
1 0.3467810560745953 0.5454563112658903 0.04370955391427728 0.09664388685096742
0 0.3650160991401128 0.5473533952495949 0.04496015808851861 0.09709467165871183
5 0.37486498125445766 0.5887032943732868 0.04635065717414294 0.09759588209434977
6 0.40514636849551355 0.557141668417618 0.05066260640968895 0.1048601700248194
7 0.5609287626791439 0.49872554463084223 0.0554467579763428 0.13132698706457402
4 0.578777041933106 0.5127577143357724 0.05574591273744178 0.12667632099258053
8 0.6049744170423663 0.5087561816705369 0.05358473113120177 0.11162265672514332
9 0.6322575738284886 0.535152509668396 0.05532548825847339 0.08528780167036693
10 0.6635909132575138 0.5322226118954381 0.05609174807437878 0.12394638046712159
4 0.7565041742289033 0.536682367830693 0.04113637395262826 0.09286177668040474
11 0.7764291354615754 0.5450333431769276 0.05300429058802392 0.11046190211865503
0 0.7979554646602482 0.546946807833924 0.042529043569156655 0.09907296574423025
9 0.8158424247323733 0.5705412303390323 0.0434573073026463 0.06768674701057631
10 0.8459003563265394 0.5500056287745676 0.042194935490937224 0.09482950485391772
8 0.9672423610828265 0.45910544950418036 0.03992975118245734 0.08861988034792623
3 0.9814809704518643 0.46565351722802506 0.03703805909627145 0.0873648681200061
6 0.9891146980487816 0.4702461791144403 0.02177060390243679 0.09663581471833627