18 0.10493861184501 0.29884448853607465 0.05557137577654127 0.08395272659300268
17 0.20431638812589936 0.29274949775273773 0.03653836797286189 0.08462456955811831
8 0.3072225152434328 0.2852248779804355 0.054868871206934566 0.10104542284390164
1 0.4359137164997535 0.27975319591354336 0.05644250748037877 0.0974521963689956
7 0.5303413499485128 0.27600476825628045 0.05297912345117317 0.10148859480720718
15 0.6302942530021381 0.25815534208402574 0.05615797869341432 0.09461686377529585
4 0.7082090479508817 0.25271471799312734 0.05762633751892654 0.10443044369556709
11 0.8073769342845176 0.22823209499204405 0.061360212982688234 0.10790812792804816
0 0.9009544893629196 0.2233174430439941 0.05827620066943473 0.11572496982452618
0 0.85309643142352 0.4472453301770827 0.08138907423587516 0.09547612985861248
11 0.781774745012793 0.44721845846862907 0.05745761554176687 0.07383733255781072
4 0.702709504137587 0.4544860243768226 0.06015182162012389 0.07659196446281019
15 0.6079227952099492 0.4606079851460976 0.05850259702957206 0.06738537136628481
7 0.530173027257104 0.46681342957512445 0.05834809670041374 0.07548303873780327
1 0.41434225956222726 0.48025711193918197 0.07894070342512849 0.07589671937477444
8 0.26689546577005824 0.47988318851962675 0.06488334925499264 0.09482989636461608
17 0.17931142058558458 0.47205411272050557 0.05889951408846894 0.07615928681944473
18 0.09042404357149718 0.47480343717978424 0.06483412637376615 0.08952075734095716
13 0.08027395930037337 0.6241354667551886 0.05763326404733447 0.0804063043639367
13 0.08131088857217857 0.7065611295081455 0.038055670541078813 0.056376814804915854
14 0.14893140790208934 0.6097531226381183 0.06115990831017509 0.07700029487239102
14 0.14782905916926126 0.7062687663248162 0.059061125241627946 0.08740700870256368
9 0.22692871769634843 0.615536818307419 0.05500924473102045 0.05425792207397273
9 0.21879764445698788 0.7025863460546282 0.053630606417953475 0.05256635675900456
10 0.3110240523457963 0.5918747379807126 0.041517440144277384 0.06918954217932749
10 0.28544584351187663 0.6913609829060807 0.03424810032473874 0.06662065888551283
2 0.3589675910149991 0.5863428110238172 0.03852466792654746 0.06827832775762088
2 0.34506702732916883 0.6875176845198029 0.037195157651778 0.07189495635544696
12 0.41821992978307904 0.5789471090624159 0.04747130704145486 0.07069630399397508
12 0.41183985059166617 0.6798690721801636 0.044898309327967345 0.07637746350131458
6 0.47924175472431557 0.5671696965344046 0.04007544675464625 0.06686664280682864
6 0.4710044599498913 0.6757569110109608 0.04284695041904685 0.0655729135815013
16 0.5362618688184354 0.5699715576690709 0.02948489515158781 0.04806705995494176
16 0.5191068615732564 0.6770745197045767 0.030579099520619657 0.046924237787074774
5 0.5889034588626254 0.5730377686127799 0.027802378596747168 0.05539392564227408
5 0.5791917333687491 0.675838514028856 0.03096197922710786 0.06037690331722745
3 0.9782096151434398 0.2155770600728617 0.043580769713120415 0.10749738403542752
3 0.9412293327877774 0.4508097060241941 0.07280426149397556 0.0918451250856312