18 0.024331659946548498 0.21019637612598333 0.024470741422631365 0.09175842046969102
17 0.1196044179309171 0.2242091198756666 0.04007951165972287 0.09413940178238864
8 0.23603844603427449 0.2382980477518255 0.06051402134729597 0.11177585105676915
1 0.3803872715468308 0.26016656714052977 0.062109710526331074 0.10692705907517197
7 0.4849669949199961 0.2762829599831136 0.05819017857950437 0.1106603385687411
15 0.5922012401982837 0.27790090276490265 0.06151480580934443 0.10271248357174406
4 0.6763455790911732 0.28839401601262277 0.06309363377048383 0.11282501090093269
11 0.779790589947621 0.28250517526259755 0.06705635855236125 0.11615675667800582
0 0.8790991212606011 0.2967319167393775 0.063868058513886 0.12384033128540048
0 0.8599410273151225 0.5274813774601765 0.0866188995288456 0.0994156060622417
11 0.7844241030202534 0.5137232027567387 0.06151352269664245 0.07731513321204181
4 0.7010439914514837 0.5060628680624432 0.06462208274130721 0.08055474117815936
15 0.5997178439665733 0.49403080992293064 0.06308131927196514 0.07123672000142134
7 0.5159893457007838 0.48531009826660015 0.06320911176568467 0.08022005376689745
1 0.39057392019279513 0.47676779651997536 0.08604346493327092 0.0810263667964633
8 0.22552964748045556 0.4464552794219067 0.07106190029547052 0.10252992448087772
17 0.12462374446208721 0.41982620035314666 0.06495767038104243 0.08291394753710996
18 0.042954412153859145 0.4055821117365046 0.03196232488306881 0.09556913978578335
13 0.05585156472394728 0.5688551329648774 0.03178736947977805 0.08437533942351039
13 0.06279587820386137 0.6587532418454696 0.029913065321120612 0.05916880520361745
14 0.11574002091645248 0.5656331915874315 0.06701727818003658 0.08238175886870891
14 0.13240810880051265 0.6706524664909355 0.06408514035120555 0.09243106120259281
9 0.20496260917437953 0.5872919969554293 0.06021929992436939 0.05753403072638008
9 0.2115157236030058 0.6801629514461149 0.05842921987682789 0.05503163434267766
10 0.2949523360554852 0.5779043589346711 0.04499256157762527 0.07353033344305149
10 0.283890716819159 0.6805759678209595 0.036816485880754646 0.07011318488990315
2 0.3473086729119991 0.5812220660187264 0.04167541521686863 0.07240702045640834
2 0.3492624971457035 0.6875898260628532 0.039960801901559706 0.07539596916644731
12 0.41154284031015165 0.5846775866182031 0.05133939468957721 0.07464768686923162
12 0.4213947460739017 0.6918158853677936 0.0482397793140284 0.07972228043686613
6 0.4765932115305739 0.5837637869816821 0.04326949282054304 0.07047902647517612
6 0.48530568075277564 0.69841034386725 0.045966474402901025 0.06813202794016548
16 0.5392250625767601 0.5977461989238417 0.031768667364899916 0.05044197602277978
16 0.5376975907284428 0.7087028764651644 0.03274304731580924 0.048590937925718114
5 0.596730930532453 0.6110319280987215 0.029968326097020048 0.05798699287757059
5 0.6022677457991337 0.7183611736935405 0.03316284222437338 0.06244007573319221
3 0.9412984615963843 0.3040015878336688 0.011194497289822358 0.11151280241286246
3 0.9395799464493761 0.547336666477573 0.050659258710378685 0.09339661983052894