0 0.24670819420155446 0.7035852222118585 0.05598975994828509 0.1541304329873916
1 0.27134227739707173 0.6846572430929632 0.05223869753027885 0.1389726581305165
2 0.2985238812174412 0.6624604587699614 0.058092005381728096 0.14739984474067003
3 0.45055687744969 0.6706719840672821 0.04431321815167405 0.12096090894048628
1 0.4680852464996811 0.6524222993140013 0.034881627749718314 0.10016256727606732
0 0.482552043630581 0.6349277610057593 0.03590397399121398 0.10103380872939038
5 0.5069611910224716 0.6518032773485151 0.036905129309948825 0.10108728630221764
6 0.5163876626876103 0.6003884427966455 0.04084115039578584 0.11008735385127044
7 0.6074328059120573 0.4038898664361469 0.045826726407924956 0.1367438458164621
4 0.6259833979546964 0.39573362401604184 0.04624171570542135 0.13267701510690777
8 0.6434901823375992 0.3670374549666029 0.0448593370582806 0.11939403449444974
9 0.673374925820867 0.35835744971307476 0.04664097998511629 0.09777337815657228
10 0.6947528816831672 0.325188535686855 0.047106266917140815 0.13039352555578665
4 0.7626222352376155 0.23775615247278908 0.03504749567668797 0.09750699110372132
11 0.7797211662066316 0.2241476257583043 0.045150676810735924 0.11774960137578777
0 0.7955559022035942 0.20479037944823325 0.036453812245484274 0.10329232629245863
9 0.8164838232934726 0.20425117092789663 0.036681340554733044 0.076836125770091
10 0.8302155659371016 0.16088014013211727 0.036376130382817506 0.09966508484515216