18 0.06027328457597016 0.4541494078572148 0.05254711244103655 0.09652187989006689
17 0.16242826018714596 0.41568432406460865 0.032534954833053825 0.09093600193344681
8 0.2685883306481747 0.3745512829503808 0.05004710067486093 0.11237105233647093
1 0.4025818400494038 0.32642022604245935 0.05144759036712654 0.10968783219899286
7 0.5015216793729058 0.29116260935605354 0.04709114200928022 0.1123821129668793
15 0.605204555264664 0.24064106964234083 0.0511787716690677 0.10720823720288844
4 0.6872896081786185 0.2090847602247035 0.05260959560401446 0.1173028947473363
11 0.7897916951320516 0.1524318279559116 0.05717689910378809 0.12218139175862648
0 0.8893962408896148 0.11568591610549778 0.05427618054335781 0.12908194338686202
0 0.870407881301749 0.34266116082392595 0.08136254254000663 0.12047304664628039
11 0.792804342413242 0.3670591986482802 0.05640616196946224 0.09091587018240993
4 0.708237112055843 0.40096124974336017 0.05848484535428489 0.09413858237614992
15 0.6069262234081529 0.43894424509132013 0.05677661853769067 0.08431159206473288
7 0.5242249149090142 0.4711653756180435 0.055650713454697465 0.09179276383260926
1 0.40224955043740407 0.5228581865582372 0.07775598356446572 0.099013316066423
8 0.24610158046564284 0.5716072392984519 0.061770583237724774 0.11215963882246494
17 0.15331117626617138 0.5930118604056007 0.05689393578358627 0.09210894605416542
18 0.0606434191444793 0.6248785375037924 0.06250932265012622 0.106689937510407
13 0.06326920262298143 0.7721722480822979 0.05608550990889281 0.09715114506334976
13 0.07179362182971506 0.8525438920929433 0.03704679354378854 0.06795894685252746
14 0.13436177634674956 0.7356895013106884 0.059797634898962365 0.09495994370707161
14 0.14234044126159764 0.8305908896139316 0.0573128235905888 0.10549963634414172
9 0.21754730157392585 0.7156285219620291 0.05467269449191253 0.07097423791884994
9 0.2176471532111407 0.8035998813148844 0.05364102612735702 0.06945282818448562
10 0.3045346448615084 0.6648574130842902 0.039104254696133156 0.08096403394895013
10 0.28777686378180667 0.770613490423977 0.031829258455106924 0.07691126949133065
2 0.3550778727674723 0.6435726930233012 0.03584570602296955 0.0790954768718829
2 0.351341201722058 0.747116641321242 0.034407090978685106 0.08311511250773873
12 0.41761800028146223 0.6166662233552079 0.04503733957143974 0.0844312799112854
12 0.4223741023241994 0.7174190733634589 0.042108813885551655 0.09009879240312224
6 0.48171217338237626 0.5848418413791497 0.037256497367031516 0.07821924669742741
6 0.48582756411257266 0.6936193745017554 0.040634644884200544 0.07882586088726418
16 0.5434363272094541 0.5683948376033559 0.027409280710098738 0.05652308896499769
16 0.5381470563522508 0.6787910949219393 0.028911511941910883 0.056433842574357906
5 0.6007219866910287 0.5536470793588041 0.025080574847612058 0.06323191131286632
5 0.6033865136771019 0.6574103232636364 0.028252119333267434 0.0699669275815521
3 0.9417190581844578 0.32512942132602474 0.022273087397632008 0.09585677521852415