0 0.19441504022432443 0.30620735002247057 0.06397143543314557 0.14742597070813884
1 0.21899217179943545 0.32138015993023006 0.06008841657099123 0.13285667231378423
2 0.2468820255442357 0.3374960454959944 0.06718527514068767 0.1405181012713954
3 0.3441791774693532 0.5290085961674417 0.05637817513131388 0.12376446971412047
1 0.3648383635551445 0.5369347056414022 0.045209372544309234 0.10361622968357131
0 0.38300146331390117 0.5417133356446726 0.04644330405521502 0.10429739856416964
5 0.392031479314758 0.5857778715980734 0.04778647711178624 0.10498735937804948
6 0.4228200059929766 0.5579905981766484 0.0522038089017397 0.11301140405012877
7 0.5788910101176106 0.5220119920332341 0.05757062016179837 0.13973194284058893
4 0.5962722307142527 0.5391838844703523 0.05771914301978409 0.13518831054403463
8 0.6223087500841741 0.5391289704648385 0.05519626670232758 0.12002196544164512
9 0.648691781416691 0.570408714566158 0.05610294882595945 0.09461030915806568
10 0.6797379408278283 0.5722018373672737 0.05793904453671983 0.13240605701409303
4 0.7712579885072393 0.5910119673451574 0.04252924895808685 0.09889505857134417
11 0.7906602888432746 0.60258949912039 0.054502037291208505 0.11841935302173123
0 0.8117815262879575 0.6078278693878145 0.044051224035035697 0.10515885580739048
9 0.8287436429032071 0.6346424082598563 0.04392829689741762 0.07471840471489555
10 0.858795812227917 0.6182584022453357 0.04358516682199487 0.10089114610407712