18 0.1027347714168127 0.19784367245522322 0.052346831633205596 0.08067251728082622
17 0.1970677305926356 0.2193750827013678 0.034270802166221886 0.0793978999387217
8 0.2947438491558938 0.24053895044095536 0.05159414108717475 0.09591269225608123
1 0.41691429513157297 0.2706805202240581 0.0531063783278502 0.0928494805257096
7 0.5065586356779991 0.2930456063088958 0.04979752367594198 0.09612332787298519
15 0.6013788144570654 0.30376707280582005 0.05285041057757334 0.09028190526606278
4 0.67533502339389 0.320030595968006 0.05419551604828776 0.09921640166441564
11 0.7693765634475844 0.3243479587077658 0.057723569474006364 0.1026993661889089
0 0.858207875210528 0.34539207454432164 0.05475600515580048 0.10939664721571357
0 0.8138864288549528 0.5412200325679035 0.07680412162049643 0.09353893047758671
11 0.7461632700540349 0.521660838399723 0.0541885745770907 0.07179840758585743
4 0.6711238157120191 0.5067868486050224 0.056733039375058913 0.07453125942813038
15 0.5811504085562137 0.4865380388396482 0.05521315312069208 0.0661225928521944
7 0.5073547315316093 0.4710333293432888 0.0550258801640528 0.07336020680273525
1 0.39743576176456547 0.4518523387772335 0.07457737789524521 0.07576084902659025
8 0.25742678426136256 0.41111960964579675 0.06113445982171145 0.09133290232963004
17 0.17422272486808071 0.37982651949342283 0.05554608689820864 0.0740202639976662
18 0.08983409191630462 0.3580466284306496 0.06111431863503316 0.08657280815144647
13 0.08094428137929348 0.49460074285488476 0.05432245076747536 0.07769936103774394
13 0.08234183194068591 0.5717919244325467 0.03585306396293997 0.05424679001561705
14 0.14606544299918728 0.4999857315168099 0.05768821558252844 0.07499637125652986
14 0.14550224551765292 0.5897376336640714 0.0556431941121268 0.08411045406167506
9 0.22015623566889092 0.5267446944358067 0.05196183085183967 0.05402032613486091
9 0.21287153648929796 0.6057391667802086 0.050661228693866606 0.0523693272891137
10 0.2998898471843029 0.5276994795035344 0.03907597381151162 0.06606405587912972
10 0.2761006448599025 0.6135194648523881 0.032186291187541405 0.06304653447366904
2 0.345386595339982 0.5356690588380113 0.03623877228680017 0.06495286538933176
2 0.3326942816583683 0.6262629788851017 0.03495822599292209 0.06806110486334804
12 0.4016122007603265 0.5449969843163822 0.04472187911807024 0.06800058014648458
12 0.3960596451377134 0.6374146936263992 0.04225024473054084 0.0728353708522178
6 0.4594960580134707 0.5507211994953287 0.03771837616781021 0.06384134360890081
6 0.4522183977854489 0.6497822954595831 0.04035652010538976 0.06295581640511327
16 0.5136531580250117 0.5689525721619406 0.027756372998024526 0.045959034859928694
16 0.4979003084280751 0.6641863375482332 0.02880109272830439 0.04504331430444908
5 0.5636539845430517 0.5862313729452476 0.026122044197457117 0.05235562478254008
5 0.5549472991880879 0.6794895817154074 0.029097257529354215 0.05713022206204299
3 0.9363893208831549 0.360731866380525 0.050569562543573365 0.10158850698974431
3 0.8975902853470485 0.5686842737026295 0.06867066167911429 0.08944041193402041