18 0.11785363111945243 0.2634818995395633 0.04659854757335137 0.0752299063915928
17 0.20975681139665361 0.27479554639099824 0.02888764147784173 0.07590811235571374
8 0.30485076370147735 0.285400344558642 0.04492915527098379 0.09059363683297805
1 0.4240066691330983 0.30226737590910935 0.046604003281521145 0.08735829727179795
7 0.5114536002442901 0.3148875065303751 0.043148273286088834 0.09099929964366149
15 0.603191259158327 0.31553946202840916 0.04650856316058727 0.08481133349997394
4 0.6752063797822765 0.32380370424300525 0.047287847940110095 0.09362492773963027
11 0.7658204690163877 0.3182505041892125 0.050547559548420495 0.09673567572565117
0 0.8524087566020899 0.32965862784057187 0.047219083047566834 0.10377262979328022
0 0.8213012510611719 0.5264964807550891 0.06988288164660239 0.08548487736829746
11 0.755082045528958 0.5143482798459914 0.048951752720933994 0.06613195743011602
4 0.6821075284251864 0.5075607754166109 0.05128922586983964 0.06859697339149917
15 0.5944684643491867 0.497052227358863 0.050305897922398146 0.06032957758028851
7 0.5226520740597571 0.4895161175896572 0.04968057367921819 0.06760744984979555
1 0.415910657791596 0.4821323566837385 0.06877486927720938 0.06789869091055512
8 0.2789935253179979 0.4567263686005123 0.05459683222676154 0.08496866214826321
17 0.1972114658217699 0.43467204502804313 0.050152286762344594 0.068213028840787
18 0.11484885188053902 0.42207914207332803 0.0548670712145963 0.08019760061693382
13 0.11431168592065218 0.5570452583544968 0.04872392096016767 0.07203471986405896
13 0.12017944151326862 0.6326700735544031 0.031977342988215876 0.05051628997369362
14 0.17719984587938542 0.5555510646732116 0.05220087047582095 0.06895999243746442
14 0.18191989382293872 0.6437095371863942 0.04963299649352235 0.0783205778607905
9 0.2499595194602966 0.57410354455922 0.047843740351541236 0.04854577097237345
9 0.24759053297193906 0.6524024058371811 0.04666442583035177 0.04703097450697136
10 0.32662854154998033 0.5667393255171216 0.034428906705649076 0.062017383602936293
10 0.3088011011593633 0.6534564212932559 0.02783266200231449 0.059737188767181704
2 0.3708118417989653 0.569825334890522 0.03170453492775427 0.06121019045578935
2 0.3639268330062496 0.6600731437628157 0.03025494960535624 0.06446560653379252
12 0.425383726242613 0.5731276570971451 0.039867024594641476 0.06334820793063389
12 0.4254659540953992 0.6644223319529279 0.037140083744119756 0.06846385373425312
6 0.4813377156524289 0.5727199544885597 0.03322834085086501 0.05993546320434129
6 0.4801517862328037 0.6707153394222451 0.03587849202804694 0.05876196752493301
16 0.5344439652120851 0.5849771993078257 0.024514429978594987 0.04308193804382132
16 0.5248901866079672 0.6800980940387127 0.02559833619222418 0.0420506197253232
5 0.5835007674052559 0.5967321348289002 0.02251631008635724 0.049673076267120475
5 0.5806015792317367 0.6891802288472679 0.02515326652411487 0.05413885757188208
3 0.9284296010157695 0.3365762332516906 0.043575010069519915 0.09639601668280534
3 0.9033391020828706 0.5447403969282336 0.06212851012892551 0.08225531202448555