0 0.11678352625943594 0.6131396052747435 0.0923398178798242 0.10910921343187185
1 0.14468151448717764 0.6050279269078811 0.08562773753323669 0.0982922570982031
2 0.17572001177142882 0.5952049008433404 0.09418920712394105 0.1038721961285588
3 0.3781096446287173 0.6396172911548568 0.08095003488500035 0.09331205421761657
1 0.3989992205425599 0.629863116920093 0.06568356046978324 0.07828678674129264
0 0.415869732029859 0.620007063210847 0.0670387244776749 0.0787577085627359
5 0.45354870982220674 0.6397254277566059 0.0687604916975379 0.07956186322798708
6 0.4570289661992915 0.6017759128906546 0.07452941371062272 0.08531265672639565
7 0.5485979653692625 0.47128759006425663 0.08370266025734452 0.10517596711446531
4 0.5738925061435722 0.46900501541422596 0.08315378789291328 0.10181376484908478
8 0.593445217551402 0.4505673843675203 0.07794588325166052 0.09017502481043105
9 0.6358116744969741 0.4500318361513125 0.07511924330309139 0.07073326610395436
10 0.6606682244648333 0.4291874380211564 0.0827330116228886 0.09985044043236757
4 0.7439669351080181 0.3749828169088539 0.060945976846534355 0.07470803930702397
11 0.7672961523382921 0.3678706241323093 0.07714516237193214 0.08948767403497188
0 0.787278375738403 0.3558189675945548 0.06385876982612715 0.07970300198655372
9 0.8200461314051631 0.35916348501440937 0.0595936712616969 0.05638097767525463
10 0.831015632965019 0.32820443404664834 0.06304908840818158 0.07659007020663161
8 0.8691689482121765 0.1986336283231142 0.05954314874000677 0.07121649490769652
3 0.8864221094321836 0.19370483282281492 0.05657808638764461 0.07001207690596814
6 0.9056808305250401 0.18468698483807683 0.0657644010607048 0.07736227549605082