0 0.0742354787298399 0.2764214770033634 0.028893261211149948 0.161581814525872
1 0.0958047627822893 0.2891190519422983 0.028814195344392377 0.14654461153620232
2 0.12055321030500944 0.3026687686539994 0.03467876432702219 0.15597178213162396
3 0.2530723692034712 0.5187021501400423 0.02987491461675182 0.14711873870744968
1 0.27283555809325755 0.5263963268518039 0.022970742038220526 0.12466050456910482
0 0.2898405930709185 0.5306040691052372 0.024478276058891024 0.1263380520266405
5 0.31179415216525264 0.5860052345251977 0.026173284486849746 0.128252629961499
6 0.3299936027051049 0.5475859415484939 0.029503668672377248 0.13917703172905238
7 0.4661009296451986 0.4819500278666123 0.02990162152520348 0.1844504529816745
4 0.4902029501495391 0.5034918158329893 0.032180013922469664 0.1798506557156911
8 0.5174867101759211 0.5002159240556061 0.03485866127485693 0.16082056802212252
9 0.5579336034613589 0.5416149897229642 0.04740952853098823 0.126855745526256
10 0.5930583832366816 0.5406308316877456 0.035438926141571736 0.18362428949058712
4 0.7091738853773216 0.558521146840347 0.027060669031265583 0.14393255546483752
11 0.7385995169684263 0.5744367054322085 0.03958651614319786 0.17390316335572598
0 0.7679427392207383 0.5802762989737968 0.028139706975663037 0.1569793817073576
9 0.8023382405781923 0.6211001387774315 0.044054319021875066 0.11147168646805761
10 0.8353611465944242 0.5922531568854603 0.031124149896776032 0.1545905668284132
8 0.9614285887603887 0.44919167706169094 0.006502664807599201 0.14300496275705415