0 0.2236097686986619 0.7113202835517143 0.07376161465642037 0.15552022704096924
1 0.24519273767708455 0.6923068472526542 0.06862344035345846 0.14135548842715773
2 0.2692024306794921 0.6700525674818971 0.07566812710760845 0.1511300131968134
3 0.4351251380563923 0.6809856075760035 0.06801370132598389 0.13809686605552718
1 0.45097318026061384 0.6613667367138023 0.05566587199850542 0.1152645020464712
0 0.4636265990541161 0.6426909927017228 0.05687070416251733 0.11641994483840268
5 0.4958658305737196 0.6612524714253698 0.05865593404309233 0.11867710686795907
6 0.495025780948274 0.605575353174814 0.06344725972919174 0.1271641237060993
7 0.5556810526210895 0.39537818677516884 0.07357231131260522 0.15397840376048388
4 0.5756609176390648 0.3854334924574542 0.07307517137203601 0.15016613315581312
8 0.5893807165786231 0.3541893237191826 0.06794286976191999 0.13450245730150245
9 0.6231472925632486 0.34212084506846785 0.06341870870985622 0.11052407709870443
10 0.6408912076870408 0.30630868243394105 0.07365630938017842 0.14863313341902246
4 0.7014446203568274 0.20827067456222115 0.055088019745832884 0.11128404625423252
11 0.7193096257419316 0.19217461062269575 0.06891442682746673 0.1346971197173
0 0.7338842688755436 0.17005935445798326 0.05811857929193531 0.11844190972387472
9 0.7603754964935282 0.16589409718063497 0.0510646857033934 0.08849545922577541
10 0.7656383521409853 0.120045622100551 0.057089511399645576 0.114316928700391