3 0.2730488617099186 0.8802026769242464 0.07735884717617708 0.17724342294334694
11 0.29926749155158827 0.8463011631184945 0.07304424529009701 0.16593470437154123
9 0.3401823127768806 0.827316082504338 0.06467473219869208 0.12310410669208749
2 0.361041416386131 0.7607620731965137 0.07239345434043643 0.1712718294127501
0 0.308314041118556 0.30233873871400346 0.07655379313263272 0.18049853859457
4 0.3310791550136063 0.25297626114976096 0.06451126602745166 0.15802473398345815
12 0.3668352881085646 0.23176128281230718 0.08607936037476294 0.2092350798471216
7 0.5838648450260386 0.015759083867666394 0.07525643334621279 0.03151816773533279
3 0.6148248849649566 0.0021659984282420435 0.07356930809023177 0.004331996856484087
0 0.8446900469676057 0.21312716151240158 0.08366469846874514 0.19692375481613347
3 0.873229445224901 0.1849600042566666 0.07928520724475419 0.18381948714685678
13 0.899531100847425 0.21069040472372536 0.04864625139910994 0.13608286612878429
11 0.577276292434556 0.677485642869614 0.06874576173933933 0.16260276139764818
4 0.6020430395893726 0.6397355709688691 0.061348408079172745 0.15448242090325026
13 0.6355898356671889 0.6349253119840015 0.06576742191651896 0.15733588613794458
6 0.6512958567340109 0.5636751133469246 0.06249140834767575 0.15320438082271454