3 0.10468190372293065 0.6171509201241061 0.0531283393720941 0.15163798086845037
11 0.13919548519536998 0.6117770530149143 0.051012166187374364 0.14083923846604662
9 0.18501884328406898 0.6318947396511126 0.05506568317766547 0.08864497919120162
2 0.22191197564397636 0.5944900189573662 0.04848833895656121 0.14947214262016617
0 0.2753143468850965 0.17129389538127562 0.05077165648168164 0.14989264487846699
4 0.3091583954162053 0.15061185307895647 0.04073423817513078 0.1345266680591523
12 0.349672061288786 0.1637805825982449 0.0554282558747462 0.17731663506038164
7 0.6308439278188221 0.114864731939775 0.04592336915722206 0.14058940824590377
3 0.6684663900420728 0.1157820905008757 0.03998877885569185 0.15202052022200468
12 0.713616454691639 0.12044549013196558 0.04867827367775257 0.15258089505182285
0 0.8437447839973313 0.5616032701670851 0.04164891996373832 0.17026311382597054
3 0.8798677102994426 0.563091315871612 0.03947139257835186 0.15717497998261615
13 0.9165069433469812 0.6091749700132444 0.03811577680958089 0.1306335509934291
10 0.948294918910221 0.5697819543642924 0.02425455237663965 0.17446834733005057
11 0.4626670127930201 0.716937264217393 0.048159205781820424 0.14361592038562143
4 0.4966464290966943 0.706928259175386 0.0387499823724608 0.14227910280639178
13 0.5325868850167336 0.7330626627894339 0.04354748734369074 0.14039048544536736
6 0.5649765355237906 0.6862898127124355 0.03846494415417023 0.13826288146574162