3 0.19660314087829636 0.7128591010679957 0.040820670521303615 0.15859744117953223
11 0.22843966190251758 0.6935205841447669 0.039791812123391196 0.1477866200095277
9 0.2693142851742762 0.6944921572652822 0.046388255623749736 0.10253881664609321
2 0.30436538105549527 0.6434920892977231 0.037949044953412614 0.15396222694976247
0 0.36552456238531605 0.23227613183595633 0.03894271313167036 0.1417550326211901
4 0.39501049696803847 0.20188453091865965 0.031046570055228984 0.12490055216515802
12 0.4292972556199375 0.19914337699663484 0.042954606267438133 0.16570223630105968
7 0.665471968583837 0.061641299190934855 0.03810611689247945 0.12328259838186971
3 0.69650343351725 0.0573835486552062 0.03360830058457165 0.1147670973104124
12 0.7336806776318492 0.052458453905034605 0.0412113814159083 0.10491690781006921
0 0.8501099019200269 0.3724216609654979 0.03912168117011716 0.16859564535228372
3 0.8808151911907619 0.3601794426776799 0.037405473826625624 0.15605365868052284
13 0.9132503891584389 0.3882171388681951 0.03612048160548198 0.13291862701802654
10 0.9441567435684375 0.3384355514166356 0.036519639012462135 0.17112780093348284
11 0.5181208904505679 0.6663110252757578 0.04099134751410516 0.15210635704900288
4 0.5486239254474177 0.6429786221902458 0.03291206182503348 0.14690123362592378
13 0.5805271176726616 0.6540027181739135 0.03771540599787504 0.14775050644692267
6 0.6095079085542591 0.5958859263929523 0.03336573468237414 0.1424196913838197