3 0.1965157207154434 0.4297053601639583 0.0831901502155995 0.16581245605848632
11 0.2275086977032389 0.43873553309490976 0.07842825600138106 0.1537220549667671
9 0.2590473001744082 0.476537404308234 0.06867617982894511 0.10441639942695652
2 0.30167293591569105 0.45595091472678395 0.07777250251276935 0.15884754129173156
0 0.4733741623839508 0.0943670730784609 0.07492209338016248 0.1479043292115652
4 0.5044922890454864 0.09117847639606205 0.06312001842191828 0.13001406821164252
12 0.530490947231103 0.12017442073425044 0.08449587411168735 0.17147418371842577
7 0.7400843304905556 0.19469599772621 0.06675783830045423 0.1308202751688928
3 0.7648803369889839 0.2104170211733185 0.06526058940493229 0.1378166947001812
12 0.7934633776932749 0.2319016606192754 0.0712886351570855 0.14031434342551613
0 0.7717635907915185 0.6551644182086632 0.07508604518672457 0.16203445345451284
3 0.7956020423280619 0.668517921205539 0.06991137251589896 0.14925979934343714
13 0.8087295778512721 0.7210940420109881 0.061950067499895844 0.12590049311049045
10 0.843254072618431 0.6989708036844462 0.07276930684446326 0.16273082070232325
11 0.4544952973499477 0.664236138949851 0.07590782379582495 0.15106698154913445
4 0.4835524617458796 0.6670198570984005 0.06804108116946378 0.14602991516979436
13 0.5032016350196238 0.7044530993803269 0.0712838915057642 0.14559075567905377
6 0.5410845401524669 0.6719320321238412 0.06630015085956698 0.1404262820148403