3 0.3235892392176257 0.9126835507774245 0.11370496864040874 0.15114343306039335
11 0.3388824678052542 0.8820348725053122 0.1075927038895445 0.14297553047471634
9 0.3748837097811716 0.8617913281888112 0.0823696656988861 0.10893839005135642
2 0.3738870722611799 0.8033616239468189 0.11333087621382915 0.15071172342433703
0 0.16064816085572015 0.42542117692446463 0.11852984718861258 0.15758384316206342
4 0.16659969732621305 0.3792966029754801 0.10321990342215018 0.1373246785341271
12 0.2000442880140075 0.3590031371383525 0.1296524470299037 0.17232882043082315
7 0.3521702415824979 0.07649709790869139 0.06199628060206458 0.08161027713986566
3 0.37866160443359964 0.04253098951561195 0.05832318956091925 0.07688162385276939
12 0.41052618192493556 0.021254674460465046 0.06426121613679903 0.04250934892093009
0 0.7428915738222921 0.20187122654549972 0.14403975515306033 0.19176333846957572
3 0.7699055668912117 0.1646479526838991 0.13609642453021698 0.18111212447245606
13 0.821466084972124 0.1741384969647269 0.10818553816079923 0.14421389342679863
11 0.585680957868695 0.7004252939567637 0.11656411806831579 0.15491067130366643
4 0.600984804610782 0.6626008623790004 0.11061787596344563 0.14723123794127368
13 0.6395573093399016 0.6524111131738577 0.11368501653597918 0.151158763019539
6 0.632054960674387 0.5841701975735787 0.11021833223433875 0.14666459999184212