3 0.22964279666506676 0.7071906430115709 0.06150980856865898 0.15774903412908936
11 0.25952622619667426 0.6868574762806239 0.0587117437031178 0.14695141735825767
9 0.3018736440113594 0.6861036199796864 0.057548846999640635 0.10286794525465215
2 0.330274192826748 0.6345747328240052 0.058213537467743603 0.15292948321082434
0 0.33029932234055953 0.23333171538908626 0.05634491839468103 0.13731567029878236
4 0.3556422831024648 0.20291653843208796 0.04686813499411041 0.12076625103025798
12 0.3901343037603277 0.19872104740499694 0.06397417670831251 0.16056908529218888
7 0.6087234253407371 0.058138204459880355 0.055144099387504086 0.11627640891976071
3 0.6384805407831681 0.053315686439588485 0.052591930194175296 0.10663137287917697
12 0.6746344099834436 0.04782320436917762 0.06003743397479944 0.09564640873835524
0 0.8522775230975332 0.34585103884942736 0.06492917272840948 0.16912479430782706
3 0.8822020034601252 0.3324805158072933 0.06133879182746804 0.15671267872254024
13 0.9175824780832211 0.36004051511539203 0.04933718329458059 0.13062150481603035
11 0.5554872621056204 0.648651294861384 0.06222071290107334 0.15327025785203707
4 0.5834511181258809 0.6243500177009196 0.05427748920579334 0.1477831572824696
13 0.6185639166239401 0.6339826169455808 0.0589600995733105 0.14918677815546655
6 0.6391598041838895 0.5753486904954732 0.05418899669775257 0.14331570282819628