3 0.2525873019360739 0.7401532706366776 0.05421589655777853 0.1580710488729994
11 0.27732660413707877 0.7187036673291595 0.0517911363061932 0.1474364474676988
9 0.31295729138069156 0.7165004103885 0.04954350399314378 0.10379867636402351
2 0.33574040206075206 0.6637108839201111 0.05141491613943372 0.15331689087081657
0 0.32718319373690175 0.2551729689730964 0.05023896628899732 0.14148116393807816
4 0.3482247013455578 0.22305081698808088 0.04189886184279068 0.12439789343891314
12 0.3775795434545845 0.21771054188339894 0.05686586364526314 0.16517669153125367
7 0.5614518030908839 0.06305533215063223 0.04789481602734813 0.12611066430126447
3 0.586569593936568 0.05757497905213319 0.045765082447114414 0.11514995810426638
12 0.6171001012966022 0.051449495208796825 0.05182992942540354 0.10289899041759365
0 0.7688841354316301 0.3553641888371941 0.054537604378533056 0.16769417329545888
3 0.793705289123334 0.34097052591256893 0.051345843095705335 0.15531480450729712
13 0.8260672739451209 0.36599807705904674 0.04682124289667389 0.13263024378933858
10 0.8454348382572139 0.3147252559572952 0.053045238936777483 0.1699575422045417
11 0.5247319369231822 0.6696076157885171 0.05333137460357862 0.15174886508955676
4 0.5477147934127611 0.6443390243315789 0.04666795260602197 0.14602168748435362
13 0.5770641331827429 0.6527003297993115 0.050280783159723175 0.14723503421438633
6 0.5935103655478831 0.5933910847304527 0.046300640407557325 0.14168363160928177