3 0.2525586757752691 0.730351054174724 0.09133519315859773 0.13410694461692474
11 0.28019691744660447 0.7085836336267601 0.08640346252157693 0.1253148813879309
9 0.32529314015194544 0.701509752062689 0.07380779750102567 0.09068838091544396
2 0.3446541124873288 0.6535089942159364 0.08742707749393336 0.12985309856985316
0 0.2583914656790068 0.3090617797135934 0.08344894986610554 0.1203548029224521
4 0.2793393809918445 0.2788040665784105 0.07111688268308583 0.10539416681861846
12 0.31584250900855537 0.26999327343705004 0.09565206916041546 0.14017543566561244
7 0.5217357678753172 0.1103886201553344 0.07851318997255607 0.11130075208076307
3 0.5511701037917716 0.09458982320572451 0.07800132277347738 0.11618230555307302
12 0.5875226239149953 0.07802636330787954 0.08499115805199231 0.1205351492809099
0 0.8409451163303263 0.3292614460362646 0.09394025577081344 0.14171011635458547
3 0.8699890059388657 0.31345268377920316 0.08783314107316365 0.13140604853531904
13 0.915932275270491 0.32989899651303267 0.07795581933849316 0.11277376521079813
10 0.9312110731688852 0.2836810338305863 0.09299735443088586 0.14320306009952383
11 0.5870948900416275 0.6308664893713843 0.0889558872526317 0.12898503856562948
4 0.6117858229857395 0.6061243089871091 0.08098478164538148 0.12324107245814331
13 0.6508085020822925 0.6089083821693482 0.0848572250791616 0.124872547416778
6 0.6608746651825073 0.5563172484642047 0.0795899048595139 0.11977173432649918