3 0.12378481228998113 0.5446489295464337 0.0644733137079683 0.17597485765588722
11 0.1633386611831198 0.5456848497039347 0.061388787835358505 0.1628960337955941
9 0.2148016469861892 0.5760031255369615 0.06408696325793142 0.10801288049068558
2 0.25626773335046626 0.5435973361825017 0.05786952321598621 0.1688509592856512
0 0.3166168599338165 0.11972710376411386 0.05843191855538643 0.15969835477480038
4 0.3524339637840701 0.10763714256406118 0.047018613629876305 0.14133737778674432
12 0.39468304210262917 0.13132154615479372 0.06344436118916102 0.18574703384172037
7 0.6732667368772578 0.1524921952609075 0.049947669691275065 0.14056091292239759
3 0.7087949356967229 0.1622807008139754 0.04465879413813467 0.149692842159471
12 0.7509411197102234 0.17725248690504375 0.05246976072782383 0.15060072971966054
0 0.8792218240303535 0.6224262251362576 0.04737335687626165 0.17197582828265434
3 0.9068467273807004 0.628693442565405 0.03436382626022039 0.1561297409080764
11 0.5130002694206017 0.7145748782426644 0.05545393571639823 0.15886597672428882
4 0.547727275011479 0.7097591615164168 0.04549922389924721 0.15427631785126916
13 0.5843387361837821 0.7422774590923106 0.05008998215141114 0.15311282549518412
6 0.6162974373572669 0.6997481262729822 0.04457345844401572 0.1483093294884481