0 0.21699657612781775 0.4528038128004005 0.07131878194650867 0.133098103629619
9 0.27097417982152777 0.4765212925486383 0.07889928003599478 0.08883326882748926
14 0.3268985524933461 0.4747620961004697 0.06337189189193565 0.10159753007764416
11 0.3997048448288147 0.34371055109358706 0.07336223028792987 0.1130594662426605
15 0.441843344551914 0.3583274362868272 0.05458966684221378 0.09904212824277225
12 0.4842295358806916 0.36411190856476927 0.06542917115612851 0.11478120753969012
8 0.517312281820387 0.07086742558793369 0.05099334525553573 0.08213666881755431
3 0.5473013644763531 0.07991224814732907 0.04743966466112315 0.08456132510212869
13 0.5763748232545971 0.10338598832267948 0.04214966580647639 0.0671526601293771
6 0.6098092141680401 0.0957495681413478 0.043700234760484014 0.0741471929227373
4 0.4231964979927564 0.6321065502381318 0.06888205184617285 0.15154408527491492
1 0.45738617447532914 0.6476533374099125 0.056886474271048815 0.11875459990991089
9 0.479031300336849 0.6840446081941067 0.042792815475778956 0.05609983942652352
10 0.5072248341844813 0.6792861686004317 0.04146128536906463 0.08297207200945189
0 0.658345151648103 0.679733297054572 0.04801178273148565 0.11203254641709581
15 0.6853328404692607 0.6871103163555845 0.03653848636513557 0.08621086010287116
13 0.7008664156442785 0.7162048010178164 0.03116595959878332 0.08062543326893812
6 0.7240865849098204 0.697076967521344 0.03602850565756022 0.0849114150010063
8 0.8106266840019011 0.6429125137157554 0.06557800582738738 0.13529511358864033
15 0.8469577061199502 0.6434959818106961 0.054702750459864835 0.12625831971814527
9 0.8825844312779081 0.6755813340753158 0.05928576360155291 0.09562365876357959
10 0.9118701451149954 0.6559045496599654 0.03158103198245832 0.11851350155264662