0 0.2616676962270378 0.5864912585759426 0.045625017299036286 0.11526983962869353
9 0.31436515111392965 0.589816052424375 0.062458213595314116 0.0713656512308245
14 0.36144769679341504 0.5689842062971731 0.04586132814487531 0.0876633333660165
11 0.3876398451546082 0.41978943715393396 0.05736682625267453 0.10660708303513278
15 0.42977784100446914 0.4183221587458812 0.04091359339310102 0.09533182778662103
12 0.4700236640276142 0.407648921059407 0.05073392498626045 0.11094308289163907
8 0.4171030714481019 0.09226357035982988 0.04301400463313437 0.06810505379533394
3 0.44955182688287165 0.08933478282865763 0.0388742179301696 0.07128383772481406
13 0.484872750546685 0.0898469044052676 0.037673154557308186 0.07725856233851781
6 0.5168831232802479 0.0762153430381526 0.03789660409218487 0.06516587896468265
4 0.4854914811665919 0.6733577666672603 0.04421079039726988 0.1272530969572726
1 0.5183114926159972 0.6760132629799527 0.038137169845739616 0.09914231030074705
9 0.5452231843222619 0.700298993899872 0.03348783763504215 0.04328159516843766
10 0.5682129338685937 0.6871265033303007 0.028937844318057904 0.06857833099160493
0 0.7002945972106309 0.6379700744425045 0.03495029762463853 0.09742585833576489
15 0.7256879790003993 0.6357455586428371 0.027094773379029657 0.07524134894259116
13 0.7448451708503226 0.6558766688707336 0.022396284670042732 0.0700626339748508
6 0.7620659310073664 0.6315705526660438 0.02682878519915355 0.07430880657923156
8 0.8316051868884389 0.5527963063010861 0.0508437770259792 0.12257584438057556
15 0.8657129068073259 0.5406482851699942 0.04035182462307374 0.1163470164619469
9 0.9041607546430057 0.5580456887890912 0.0482888307816387 0.08387914063608481
10 0.9324260389883767 0.5294146908635664 0.023041533419986493 0.1144628013657416