0 0.22232807122877096 0.4317380324192549 0.056996534158232 0.1264808098581664
9 0.27029005327420175 0.46889333684398293 0.06743384941775021 0.0912066969593634
14 0.3196378337655962 0.47986646067199334 0.05450746202777862 0.1010297303018432
11 0.3832353358184096 0.3566000181598574 0.06747145386723574 0.12190045531095167
15 0.4229824244710621 0.3822328685546152 0.05106304525449601 0.10569524543402298
12 0.4635588476709704 0.3982281820692597 0.06273056305607216 0.12447968425499473
8 0.49717729042703307 0.06019444972894744 0.05312987121733048 0.10289603859805665
3 0.5285564657310755 0.07506077549512583 0.05098123798196663 0.10964826837945196
13 0.5581662693597077 0.11251207654488975 0.04512867685643562 0.08490916979317195
6 0.5936871152305725 0.10954555363912177 0.04794409858268267 0.09454764635107171
4 0.4089174673654864 0.6616357934908639 0.060033862551877926 0.14158237156433306
1 0.43946818761659784 0.6861401673538634 0.05059571676950869 0.11209122912204295
9 0.45881695956247154 0.7277467173094933 0.03836585340544407 0.05564039581508573
10 0.48430865247071797 0.7305469186117419 0.03780098201970533 0.07898274512870518
0 0.6247107115699658 0.7725206477582323 0.0485349113399931 0.11056060222021058
15 0.6500714706884083 0.787683807850841 0.03758273942290191 0.0855243428228134
13 0.6636693845571215 0.8206768470830001 0.032280432668398085 0.07877449734784736
6 0.6867520002059815 0.8085828967585453 0.0371818910619347 0.08462416755419888
8 0.7750352881726641 0.778937646073376 0.06748461354738367 0.1415790475801173
15 0.8118111451383904 0.7904054160272151 0.05622637122764074 0.13136724256005583
9 0.8456996521321928 0.8341388766181139 0.05966364885409425 0.10269330142091193
10 0.8863785168646712 0.8282668911549497 0.0493331831105176 0.12869401844311912