0 0.19880966948434492 0.7263427516578701 0.04788720519130599 0.13743535037688903
9 0.25153852636921326 0.7038215458551287 0.06514346939066865 0.09996873358470537
14 0.3012734435967134 0.6568183555858841 0.04923832938503875 0.11148501677191147
11 0.3388944290989066 0.4772970385028428 0.06120392097512084 0.13418284504344108
15 0.38288537935672373 0.45245114562415856 0.044573647944886774 0.11672730135592818
12 0.4263252744997449 0.4179760450109705 0.05593790200165172 0.13846436285599817
8 0.3913247920571623 0.12477194203352081 0.04430351689685558 0.05974474665636728
3 0.42490479669559267 0.10468759096490551 0.040408971543587247 0.05573196010352589
13 0.46099834399461315 0.085501769776038 0.03886864032169851 0.05750647142743091
6 0.4960295191991507 0.055069034559690595 0.039548407380648964 0.03794918356639125
4 0.4269346316180011 0.7131952803954527 0.050892480070939605 0.1606235491854212
1 0.463349579310124 0.6989718274617438 0.04428039900701625 0.12785395516089604
9 0.4924332844417549 0.7134748811144154 0.0388460473027209 0.06386362720219319
10 0.5194720057162874 0.68555258719667 0.03418433204469795 0.09096203922702872
0 0.6782377970492439 0.5523730456442262 0.042853650664491205 0.1296784695722502
15 0.7095290982852782 0.5346328014692573 0.033308311654429934 0.10074669099909345
13 0.7327108797846631 0.5479470679804652 0.027608077282870958 0.09318019670495092
6 0.7550218438142893 0.5077714152740337 0.0331013597824622 0.10029911600396363
8 0.8454250099716378 0.368127163581741 0.06302598901500978 0.16921692662834104
15 0.8899846014115831 0.33108623904042034 0.04961728906057916 0.1572479804296089
9 0.9375876444187445 0.3286713435704864 0.055381089399424765 0.12180935106216118