0 0.24792438141209402 0.5766629810763315 0.041347600949415864 0.11163697003109996
9 0.30063446459432963 0.5862637040322616 0.061109008329787606 0.06282972497378525
14 0.3503721706073786 0.5704296801783197 0.04369885761776543 0.08314604996217534
11 0.3918090719847467 0.4203971312927729 0.054750922410774394 0.09917886435171114
15 0.43464020100846423 0.4234870738795752 0.03863245654336028 0.09098668678306115
12 0.47668725545028534 0.41704521224092184 0.04857906187827776 0.10541720180933467
8 0.4535855169340577 0.08031635714906982 0.041672484888946426 0.08628230780523084
3 0.48651375233211835 0.07768983572629809 0.03771063334054148 0.09572621516361624
13 0.5214485310716277 0.09730811577877166 0.03591637363258948 0.07033638796151657
6 0.5554580446902309 0.07566096316438643 0.03725147127079964 0.07986917893471529
4 0.46706265930243873 0.6945298080219262 0.041806791591781634 0.1274949930077438
1 0.5007759077871112 0.7014351063981161 0.03674289393074848 0.09888003992128114
9 0.5264302365400472 0.7304181803992095 0.03398530380843012 0.040189465464252505
10 0.5516502921588724 0.7195329904120642 0.02844478397867245 0.06823098104967895
0 0.6949353543853212 0.6846272350543713 0.034613231165705693 0.09844920467364116
15 0.7220673015706233 0.6854743245834949 0.026820846773156548 0.07612972823780007
13 0.7407155931196446 0.709383312451952 0.021927890324746846 0.07168920537778523
6 0.7611393540224897 0.6857258213047046 0.02653227754888543 0.07533197575032546
8 0.8419929569164774 0.6109132069265432 0.05066157101597235 0.12249062176163039
15 0.8796020596697067 0.6022169289896535 0.039413060634545305 0.11794463511993569
9 0.9197285634049286 0.6254911546006244 0.04947917868429552 0.08165702666366048
10 0.9582684759893818 0.5983660561755336 0.031779192755004515 0.11940290074437843