0 0.21878076620420916 0.6463681928879013 0.05027169318798949 0.10834212700278101
9 0.27415708441498443 0.6379647312168228 0.06719343630616875 0.07187139927701836
14 0.323198098498915 0.6085521300402004 0.05070756051610681 0.08440783020990394
11 0.3463947530266438 0.46595407093324176 0.06318478328779153 0.10144006315450393
15 0.3907843859844816 0.45505963559233487 0.046044243957137077 0.08972189258777313
12 0.43313860095539647 0.4361874827600338 0.057273552670747685 0.10505167773807911
8 0.3659552877501593 0.15290411438072637 0.04884242707779246 0.08653351190236364
3 0.3994361571173839 0.1402117818445971 0.04542615664753402 0.09355059898010051
13 0.4378486712257357 0.14608145809611822 0.041815828799917354 0.07110137446620472
6 0.4699854167570674 0.11663192634493819 0.04385134478384495 0.07972056198321155
4 0.459063769191132 0.6787046333701638 0.051846603048683104 0.12217302461180413
1 0.4945810224716469 0.6739897346188681 0.04465058815156214 0.09599630167273909
9 0.5246703602037299 0.6908795975159656 0.037734023319561216 0.04450342255980266
10 0.5491685254681509 0.6735005557699967 0.0339881345158386 0.06713112286106682
0 0.6918285974755076 0.5980103250446633 0.04243119554167096 0.09501087049999946
15 0.7198045146671208 0.59015092998151 0.032867933869221155 0.07348668151477222
13 0.7420432843758945 0.6048800753180114 0.02752884708931047 0.06824183026104103
6 0.7599669752793381 0.57799709685795 0.03251578711558134 0.07271446040225527
8 0.8333550137065383 0.48783401593960907 0.060601862261847605 0.12039992817566403
15 0.8708601704366337 0.46842142756670035 0.048721522122412764 0.11323381609461847
9 0.9150767982780135 0.47580240488154035 0.05654655021809074 0.08478607683744022
10 0.9511596638248164 0.44019099212996315 0.04097482784496265 0.11229524901020899