0 0.2073767761950811 0.6230725587478897 0.04816170876121725 0.11592289410962087
9 0.25665367040213266 0.6261037852922331 0.06332431802678126 0.06907300415771045
14 0.3055816588472404 0.6036519894448553 0.04919143371698759 0.0885723721253523
11 0.3592651346634825 0.4442087792106262 0.06249880209972147 0.10885993873435357
15 0.4010015440689437 0.4411584748817713 0.04655919459614871 0.098968372591832
12 0.44332243054869913 0.4280974478658781 0.058388845305492876 0.11573578990913297
8 0.45170208667702516 0.08690442891712133 0.047887523553313216 0.07467979408392059
3 0.484825113750305 0.08319430121001319 0.04412867422671379 0.07407512965187127
13 0.5202549451426766 0.08175221234649624 0.043617232935697525 0.07886395802913619
6 0.5557915400185619 0.06760756432098168 0.04302331746690036 0.05826196224408508
4 0.4074392108645599 0.7146151329865252 0.05260421791980924 0.1330562964302513
1 0.43973839513618695 0.7176378865935535 0.04540836893296918 0.10384404537539771
9 0.46212891017576874 0.7440586336325484 0.03727218820994027 0.04402888208535716
10 0.4880862078061239 0.7299632227353758 0.03480232917134113 0.07218662992926572
0 0.6356504122370213 0.6763015110292367 0.045827311781337254 0.10552301566122702
15 0.6632511738529632 0.673780935390303 0.035768057251034935 0.0818055285774032
13 0.6797245716771546 0.6962861569821424 0.030399948092403095 0.0766491913713424
6 0.7034080125491973 0.6690347581459946 0.03578765721857424 0.0812818127919307
8 0.7965521609575363 0.5791884203147422 0.06779905804021269 0.1353456180256548
15 0.8373428699147083 0.5647328355906427 0.05610493865558397 0.13004229956514157
9 0.8772387911695327 0.584065762870759 0.0628682586455821 0.09243637662049098
10 0.9186663608247966 0.5497971790022893 0.04270027666543963 0.13125576944381384