0 0.214447 0.5681 0.040632 0.11249500000000001
9 0.27088 0.576939 0.06320499999999998 0.06267599999999995
14 0.323363 0.5600639999999999 0.044018 0.08356799999999998
11 0.36286699999999994 0.407393 0.05530499999999999 0.099638
15 0.408578 0.409803 0.03837499999999999 0.09160299999999999
12 0.45316 0.402571 0.04853299999999999 0.10606699999999997
8 0.418172 0.061871999999999996 0.04176099999999999 0.086782
3 0.45316 0.058658 0.037246 0.09642399999999998
13 0.49097100000000005 0.077943 0.03611700000000001 0.070711
6 0.526524 0.055444 0.037246 0.080354
4 0.451467 0.683809 0.040632 0.12856599999999996
1 0.48758500000000005 0.690237 0.03611700000000001 0.099638
9 0.515801 0.7191640000000001 0.03498899999999999 0.04017700000000002
10 0.542325 0.707714 0.028217000000000048 0.06870200000000004
0 0.693849 0.669948 0.03386 0.09923700000000002
15 0.722771 0.67035 0.026241999999999988 0.07673799999999997
13 0.743369 0.6942550000000001 0.021163000000000043 0.072318
6 0.764391 0.669948 0.025958999999999954 0.07593400000000006
8 0.8481939999999999 0.592808 0.05022599999999999 0.12334299999999998
15 0.88798 0.583367 0.03837500000000005 0.118923
9 0.931433 0.606268 0.05022599999999999 0.08196100000000006
10 0.971642 0.578144 0.030191999999999997 0.12053000000000003