0 0.2230239833498279 0.5567783248656761 0.0727635300162805 0.09807119791352503
9 0.2814712692269617 0.5645689620079193 0.08071803594366458 0.054704582433149684
14 0.3285727938989389 0.5499510947272535 0.06775460374131231 0.07287521247103623
11 0.323562650754888 0.4170061714468256 0.0835790610552603 0.08689350898755532
15 0.36953216707203274 0.41917871466589873 0.064488525214694 0.07986635216840998
12 0.4115961130719069 0.41294928417572413 0.07873052876172826 0.09248368976102128
8 0.2784512886592778 0.11607430203379056 0.06644837041345744 0.07567166866910255
3 0.3121747613816449 0.1133300709016305 0.06476404432846039 0.08406463690121939
13 0.3551983787005022 0.13019161733101728 0.05621252999914539 0.06166150482771093
6 0.38390636031475406 0.11064707190809195 0.06011838940508574 0.07006434974337805
4 0.49122206154578063 0.6579629337973756 0.07740947402832488 0.11207235627778556
1 0.5288520949993806 0.6636206779700475 0.0645749979498893 0.08686289291824467
9 0.565160083305615 0.6888670870638995 0.04626830960678008 0.035058288202434285
10 0.5881197579681915 0.6789340948380151 0.04780748056072048 0.05989864601632722
0 0.7272735204632056 0.6462738825052621 0.062223709080777345 0.08650993791061112
15 0.7560344867212123 0.6466702549715648 0.04817452953586876 0.06689650952290493
13 0.7833456981642937 0.66752931026748 0.04186644510177473 0.06303767317761677
6 0.7971393021798556 0.6463864382047263 0.04766181509408218 0.06619560801147939
8 0.8578386634614491 0.579315289762731 0.08540159545874637 0.10753735318453772
15 0.8945139872273972 0.5711537118706215 0.07238642767310055 0.10366771154315946
9 0.9441708647505247 0.5911745429980902 0.07343852812588458 0.07148508914186258
10 0.9717454360741417 0.5667368905066685 0.05650912785171669 0.10505468359357106