0 0.26712954990926496 0.7150448211389808 0.05928667716971531 0.12080436600998101
9 0.32086730868518254 0.6950311666088166 0.07042785235178844 0.08738003485869528
14 0.36597383947665774 0.6539547669405517 0.056794607602663305 0.09658647195942127
11 0.3727638020909507 0.49774581610849755 0.07031794608909908 0.11655656388062957
15 0.4153699523919314 0.4772831183289471 0.05315186826936563 0.10098642438028205
12 0.4550642577970364 0.44874825252520756 0.06532279040884503 0.11896025378593095
8 0.35669627612823074 0.16109182100409838 0.0553376962384326 0.09834655189721653
3 0.3883261106411725 0.14090115506641493 0.053046645461969466 0.10474316711711992
13 0.4269243654731243 0.13945308180053095 0.047016137523574475 0.08116798790332848
6 0.4553326858206058 0.10172023088382047 0.049928176474769936 0.09035841615928233
4 0.5080793034595698 0.7013308073891007 0.062405340212234484 0.13519001209855652
1 0.5426219047138289 0.6892118146283517 0.05262957575585325 0.10706143475817409
9 0.5742461339260359 0.7011426513456529 0.04005101073446127 0.053277878249440414
10 0.5964752290084978 0.6777680758141948 0.039343701397776765 0.07546037693908414
0 0.7288282444972158 0.5689813329517566 0.05047115441099237 0.10558561707850911
15 0.7555678685974172 0.5550292032090511 0.03908248519955415 0.08167632422078319
13 0.7791949334201699 0.5662344397467012 0.033542707688744455 0.07520651715289595
6 0.7938570656379198 0.534073817913386 0.03866558246256402 0.08081659733445296
8 0.8561410518197239 0.42355374831036996 0.0702359744441875 0.13526230881580265
15 0.890985518285794 0.395414826139998 0.05845345960292436 0.12544139613934385
9 0.9354865291351511 0.39441161741150893 0.06220557720533948 0.09822000862057967
10 0.9670954006855003 0.3493396472764796 0.05122184525310636 0.12283053615022815