7 0.17551997019483212 0.5252664099005817 0.03824398877540339 0.08228572230313758
18 0.20000692097831188 0.5193663742300211 0.03262445232907035 0.07654955204157504
9 0.21893456571710418 0.5375612857599659 0.03999580806248523 0.058029041667585934
2 0.2515802355109134 0.5129180188951281 0.040133124505549705 0.08677754300702212
15 0.3280790242428705 0.5998230780159854 0.03848211304844629 0.08030003383145168
18 0.3514764461756267 0.5970335706707077 0.032003849073200474 0.0703182281173893
12 0.3765147538715672 0.5884985964035292 0.03998090250855996 0.08490227937757233
0 0.5279628947111987 0.5563008872269752 0.043526135098944985 0.10540647924939028
0 0.5510734066948813 0.5493508598420985 0.035818419717315475 0.08970212527413857
9 0.578173225324728 0.5554042015015495 0.039042596480103664 0.0569224233714537
10 0.6067406202607606 0.5322085122226594 0.0300425657244191 0.07639324936189434
17 0.4350849063522573 0.2131580172712985 0.04510275257450308 0.09484008867071253
11 0.4718300781212327 0.19962809095571102 0.05065829467770422 0.08689196829283391
13 0.5017918026167663 0.22552995280695765 0.04136188566658461 0.08824073770205476
6 0.5357457999721367 0.1884902815982642 0.0438222266233842 0.09930015049451271
0 0.6724855301555939 0.16893151755146846 0.04038608878653427 0.08142067917082421
4 0.7021345164935835 0.15603324876462907 0.03544424150323111 0.07580058382730026
12 0.7383670514548444 0.14801048992600394 0.04707949488943852 0.10254028657045892
15 0.7201991416402928 0.5208182913819913 0.05025979286145521 0.11313448945828769
1 0.7504718880467802 0.511175541159341 0.0397677636371323 0.09373681815099022
13 0.7762150746246067 0.5261174617375495 0.0397522031168136 0.08008454050426317
6 0.8159583477236994 0.49038821099391616 0.05257507574735032 0.11510380751114552