7 0.1059829999688682 0.515384672167703 0.04101797993559121 0.0747746260279552
18 0.13212790490126225 0.5120020707810056 0.03517942050926662 0.069915863101848
9 0.15788838691144763 0.5311888366144588 0.042862413379088055 0.052185809605191924
2 0.18893669226127335 0.5106590805463511 0.04347621182447173 0.07943117533365496
15 0.2989770199573776 0.6027682479872525 0.04270881787503761 0.07564328585884328
18 0.3255329282930855 0.6023889345167478 0.035693158231728694 0.06652929868172075
12 0.35258580597557476 0.5965751976322478 0.044656035748776746 0.08033783714639331
0 0.5232310625916428 0.580211726506648 0.04976646939501911 0.10146619291354242
0 0.5489243605287408 0.5755693194741657 0.04107064795919779 0.08655402898666331
9 0.583390995991157 0.5842823331963463 0.04417704112027143 0.05400951592785741
10 0.611012783057054 0.5640557967081621 0.03426944369834428 0.07390893769555007
17 0.3214912326653076 0.24453167018534067 0.04800783696678956 0.08301395727845981
11 0.3595288296131096 0.23464190451249264 0.053916733890132185 0.07546470378164377
13 0.40042536813769375 0.2605635482106019 0.04456763204232306 0.07811598106337475
6 0.4293166862317903 0.2288541529856909 0.047268853965899305 0.08779774486638592
0 0.5817834937917842 0.22007972849697893 0.043665503948193685 0.07245461574638767
4 0.6127152631381159 0.21011889682661322 0.03820474112074568 0.0676280377846851
12 0.65289185389923 0.20522349573403612 0.05057163972519696 0.09173109805573859
15 0.7463133953222595 0.564339579871707 0.056616936282688934 0.11011124571834963
1 0.7806909620378646 0.5575921698675324 0.04460505328214226 0.0914547915951689
13 0.8176521039152735 0.5753024496628585 0.04472779473509003 0.07824066988614875
6 0.8554102726800743 0.5433382988118293 0.05861218107142607 0.11231118520514083