7 0.16875365041715595 0.30251505137235973 0.07541800597058199 0.07945184668959115
18 0.19793242836639716 0.31148465940771675 0.06753844323171204 0.07398482231091491
9 0.20977716875891078 0.3401923030844251 0.06776482042466175 0.05712359671185918
2 0.2571354406578341 0.33617058117212884 0.08120782369480867 0.08471670852286323
15 0.29916070702784464 0.4659471663490704 0.07779557065602494 0.07829634623063492
18 0.3262450991609749 0.4777210111363997 0.06678344765004457 0.06870373019133102
12 0.35820663661727636 0.4849759799054315 0.08274011605245002 0.08337987567199773
0 0.5448580939066333 0.5487470259363336 0.100939564014499 0.1056665150411954
0 0.5747077659856406 0.5567109845362399 0.08515510364862211 0.0901946870805036
9 0.6027725453313115 0.5799829784893646 0.07245535767957334 0.05818762413331324
10 0.6475907248549211 0.5755734744576058 0.07289021628514103 0.07738130575886881
17 0.6104763009672258 0.15460431514451659 0.09737006986502461 0.09887435371274818
11 0.6598773960424931 0.163342582009722 0.10108734401998665 0.0924252746717893
13 0.6815177063587332 0.20725292174343063 0.09160624863460731 0.09257393026545888
6 0.7402826438318875 0.19103407243419418 0.10125671750854648 0.10482702004248207
0 0.9133246666132774 0.25584575050973296 0.09123384493750097 0.08813397486030536
4 0.9560349931700799 0.2613812205117344 0.08288753639749724 0.08214284713703807
12 0.97435460367982 0.27592659455600044 0.05129079264036007 0.11150965678122832
15 0.78689136603099 0.6377841157269013 0.11678219351368291 0.11632202708172845
1 0.8278519359870756 0.6481851116126154 0.09519644647915415 0.09667475430158012
13 0.8508436258999935 0.6800254319871161 0.08824128610585324 0.08293518935205468
6 0.9176657057890629 0.6707077325201065 0.12283161357548311 0.12001953897650208