7 0.135582578229754 0.2712652690696741 0.06574598073498114 0.0704918620464455
18 0.1626691874541777 0.2818326046907551 0.058073710498191544 0.06480168038799161
9 0.17512062223523928 0.3082559741824525 0.05955347490822077 0.05297392887370467
2 0.2173643966822324 0.30888535370646786 0.06881986403417414 0.07415437156029142
15 0.2636826356378502 0.4281960595775187 0.06600757551658923 0.07041123070432909
18 0.28877353446071374 0.44067996689555844 0.056023702897887384 0.061251401952235496
12 0.3175416647529261 0.4494447862545513 0.06882449641646182 0.07413364597741767
0 0.4839962618413858 0.5182873869413116 0.07842914061930761 0.09015879622813128
0 0.5099956177934672 0.5269673076679415 0.06534575270027188 0.07633539024636365
9 0.5358444940887797 0.5490730389144939 0.057603615303418065 0.0520812959695498
10 0.5725292763882266 0.5475648446836983 0.05450137759888529 0.06452428029174506
17 0.5018552061739905 0.18708986393278712 0.07185302135057708 0.07619423042037687
11 0.5419396790852785 0.1987997764512755 0.07469028545171374 0.07197146347520297
13 0.5632630636431597 0.23651024037242452 0.06630078522384208 0.07099808869794633
6 0.6076064554917306 0.2286286473651986 0.07139070939169412 0.07860404595290282
0 0.7464849227744329 0.2953075409283408 0.06183369766948332 0.06513712593082122
4 0.7789432803655851 0.3030910617698725 0.05508265991489103 0.05986682087986139
12 0.8162719315499621 0.3185773480947735 0.07310938677853285 0.08050224234722858
15 0.6919661011013706 0.6094635107221393 0.08451948765854866 0.09612482734366545
1 0.7258965387956444 0.6202597246692791 0.06765644804395377 0.07895140802940193
13 0.7478819865839993 0.6492194880705948 0.06342492433609515 0.06887826700126298
6 0.7987065952059069 0.6437360247519881 0.08546094295674811 0.09704296088466069