7 0.20541987680211016 0.40671348660241424 0.03752150462080886 0.06476737864444243
18 0.2293256489319786 0.4106446952967229 0.03211216463666236 0.06071811428487811
9 0.2542514827705099 0.4340648501440568 0.038852140568739896 0.04327528189317492
2 0.2811916677316628 0.42425146715502987 0.03943095387258744 0.06812353221998446
15 0.3857036753925014 0.5308811894547907 0.038046456957751495 0.06311957232447846
18 0.4090902619844486 0.537031138668949 0.031747451088457446 0.05554814122911689
12 0.43243956111775933 0.5386196208646725 0.039581189572311604 0.06671708692992484
0 0.5779745508599659 0.5654452472840553 0.04364239468862896 0.08342731114165924
0 0.5993394477313871 0.5676565007925943 0.03601405637587163 0.07114266514309664
9 0.6285803720898058 0.5828924999775436 0.037551674341398944 0.04198451575288675
10 0.6504895167797219 0.5726340248481017 0.029959319982810317 0.06046664842722782
17 0.38354257649249857 0.22913247684909127 0.04354944970143371 0.07202284669356496
11 0.4167621421618911 0.23116104278678734 0.048379761666578314 0.06432656760224623
13 0.45438029371284755 0.2647502682997612 0.04006743598180207 0.06705901388341254
6 0.47780117749573237 0.24541158548214687 0.042557331721398306 0.07560951061795099
0 0.6082559793746316 0.2791639361782787 0.03845829475178786 0.06088912177705258
4 0.6337959550150876 0.2790140488608165 0.033694021497053805 0.056915205287137394
12 0.6671332557549206 0.28547174232311145 0.044503902129994555 0.07697657467597147
15 0.7609459842071254 0.6036227482760399 0.048519071789793866 0.087984617712351
1 0.7882269667073973 0.6059547773636538 0.0382887635705117 0.07311748938512885
13 0.8184405501866152 0.6284251869915347 0.037709735551509915 0.061371945934245886
6 0.8468787246983487 0.611096549200248 0.04970729754838776 0.08869284172256153