7 0.2156510561797552 0.3644419192847451 0.039450535479329696 0.0759070279140428
18 0.24009241766083878 0.37121599920352066 0.03379319894050781 0.07085441091159322
9 0.2575281049226738 0.39980213191870756 0.04071414976466725 0.05209904274995858
2 0.2910052827333847 0.39156930447310356 0.041458494663691337 0.07983692983693813
15 0.36059966761629325 0.5208203217984781 0.03998793660056327 0.07412403096322168
18 0.3835503901303985 0.530013972975476 0.03338388616366933 0.06505874225056613
12 0.40836059561910487 0.5341226070559691 0.04160697087345172 0.07828525978145834
0 0.5559510564781722 0.5785849124283053 0.045932190534466955 0.0973065953161325
0 0.5783370370153575 0.5831884901023385 0.037916695707127857 0.08285781174867946
9 0.6038893425634893 0.6030901046255848 0.039352256101709115 0.05053090311287434
10 0.6320635339114675 0.5938574538876085 0.031549398014798946 0.07035861666080812
17 0.4839408967427797 0.18446849917042335 0.045770454448717524 0.08459319227487475
11 0.5193353212735822 0.19005617092127214 0.050757816642678144 0.07650376284823265
13 0.5463810408612952 0.23124173490178576 0.04211538413161853 0.0787148641177347
6 0.579986920939431 0.21204556220253676 0.04475749888858671 0.08848919408611905
0 0.7082408478804401 0.2627132132159937 0.040404202367722575 0.07168066113543672
4 0.7361650266078642 0.26510483896328 0.0354191862037172 0.06677660124101784
12 0.7698428574015087 0.2756381664418478 0.04679279892863453 0.09020705307657081
15 0.7396523740512997 0.6394431083606948 0.051037606048384254 0.10287178773906336
1 0.7684419431323121 0.6447738981865512 0.04029723789285544 0.08528556265210507
13 0.7920417072116168 0.6728317814112987 0.039627263547994174 0.07214351622301352
6 0.8302836653509307 0.6563773460069295 0.0522792753604856 0.10377975579607812