7 0.14593164230781216 0.6372564278490178 0.05284775025112154 0.08296182322828838
18 0.1710725003974188 0.6218756962424247 0.046164823599913085 0.07573840840436974
9 0.19967602265002263 0.6292631596021467 0.04921114243073682 0.06342523271406286
2 0.22596252375223602 0.5948921468429632 0.05476710525272099 0.08650670515608816
15 0.34669829024755516 0.6360372604211073 0.05197661183027252 0.08131157948849776
18 0.3711579321874465 0.623833872552644 0.04379141839156203 0.07036256778150707
12 0.39482672315693584 0.6062934292312534 0.05379717039489096 0.08508193276062392
0 0.543042103184133 0.5182075250729662 0.059619258147747156 0.10121911406711087
0 0.5642683219059486 0.503329042051665 0.049426855984601725 0.08538663375906624
9 0.5951551381094418 0.497406235485565 0.045061688743268435 0.05958503945460547
10 0.6147434356820083 0.46763360585230984 0.04091774400371739 0.07171718738904082
17 0.30254576895748675 0.28249709516785493 0.0567463411019527 0.08825380464903135
11 0.3355201086391475 0.2587295497890266 0.05958770282616349 0.08373697344701264
13 0.3771032539289538 0.2676363453695869 0.05180827493111817 0.08144236902438268
6 0.39720387419602665 0.22736547212851288 0.055441635029333025 0.0898606226677271
0 0.527851621045828 0.16478243796603217 0.04757034649377512 0.07360396189026053
4 0.5521449952299757 0.14510342060089443 0.04209117831795084 0.0673438422854097
12 0.5847111848883823 0.1269857199564321 0.05556461180265204 0.09016176505148019
15 0.7258373521423904 0.4151220054504746 0.06309426128909568 0.10597342760167788
1 0.7521243936057311 0.3960163057934235 0.05018155515642486 0.08661791816756553
13 0.7845899920233209 0.39789843603532926 0.04732522460881139 0.07575987390626665
6 0.8082670934598604 0.35559634314192823 0.06322503521049361 0.10605553556202629