7 0.21868719799616865 0.4524133968450962 0.038522179506141396 0.06227031156375512
18 0.24260042824735528 0.4527498122129219 0.03299157767744229 0.05863222226872428
9 0.2596833908000313 0.4728729371764472 0.03978482528904867 0.0404594107890654
2 0.29241947772270205 0.4586758753031327 0.04048281432202677 0.06549997317289724
15 0.3606212893709976 0.5516782808485676 0.0390500228118737 0.06056285023323282
18 0.38307895585312896 0.5543653100499344 0.03259738747083074 0.05344257489536364
12 0.4073502605516722 0.5523901113518062 0.040629810921500364 0.06406740688254475
0 0.5517551705183428 0.5573986914947247 0.04484151901025846 0.08060124170713368
0 0.5736558134150529 0.5563668271376503 0.03701357832107455 0.06883280965192329
9 0.5986689496031425 0.5674492505752979 0.03845382625373339 0.03926442488228543
10 0.6262171128365264 0.5535725568518283 0.03079638855399025 0.05855756264305567
17 0.4809225461193182 0.24321694988798476 0.04469718588635252 0.06909413349800167
11 0.5155478938677038 0.24016998468913947 0.04958657409788636 0.06092120431145334
13 0.5420432846333232 0.26874230593102594 0.041126861611343934 0.06437215971048682
6 0.5748941671380159 0.2453402497222869 0.04370165923607605 0.07279811331879407
0 0.7003920665856209 0.2597628598319022 0.03946004979782147 0.058276522965144295
4 0.727707447720614 0.2556708689369186 0.03458720256640491 0.054660804276586705
12 0.7606587779011036 0.2571382959010295 0.04569147433165022 0.0740163427000173
15 0.7314971115130854 0.5682510174415591 0.04983146149165174 0.08479663857627784
1 0.7596619139652732 0.5664304097645405 0.03934046126886093 0.0706373618395374
13 0.7827734969666627 0.5847661715101886 0.038699247651695856 0.05882634335795833
6 0.8201617543177333 0.5626473623404644 0.051045535473574266 0.08541278885796622