7 0.1725401163130596 0.40799806989396137 0.03851367365863764 0.06733143127732716
18 0.19845870699690643 0.411048939627178 0.03271088977076378 0.0632685995490887
9 0.2179995192798191 0.43485223690577246 0.04100598778803413 0.04432836997338474
2 0.2527250178150821 0.42308764084408773 0.040470764292285716 0.0708221202581023
15 0.33139250240589135 0.5318915662906534 0.039173445720733835 0.06554752086184229
18 0.3558557333978436 0.5373354498213546 0.0325515376873835 0.05776796165561526
12 0.38204296635667756 0.5379124935887132 0.040703852959051934 0.06931377204668077
0 0.5387111688174042 0.5595735464077898 0.04441311673485859 0.08695469777139386
0 0.5623793002430046 0.5609103479540368 0.036541254564549486 0.07420821995336824
9 0.5900433646347505 0.5757716996059237 0.03962595743983888 0.043012977349316084
10 0.6191661644560892 0.5637730206604867 0.03033705473327175 0.06310331921037438
17 0.4457888460275765 0.20992729869833787 0.0448501590948856 0.07478673469151556
11 0.48313563292930906 0.21050128661117362 0.0505674683814033 0.06634083964555387
13 0.5133070608363185 0.244550469875571 0.04122651081907297 0.06965543296517107
6 0.5476822344857124 0.22278773232419904 0.043580870799972415 0.07866243762282837
0 0.6843570458519175 0.2525642619711177 0.03973545662031974 0.06314715033738447
4 0.7137322684979768 0.2511809476379216 0.03464395582528712 0.059133842315995805
12 0.7494986580802884 0.256476671037742 0.045673288937876366 0.08002831828320897
15 0.7339554644731274 0.5915577227270881 0.04960155579281078 0.09158529602062992
1 0.7643678505455619 0.5927400592570641 0.03896852822924468 0.07620706862500515
13 0.7903463022117617 0.6152763808296686 0.03888305362788835 0.06369834185080503
6 0.8297022346029057 0.595418717986868 0.0508847887767242 0.09228429564101925