0 0.17905921240423286 0.5418899456166475 0.072433461385638 0.11284924376847533
9 0.22418386084775965 0.5344324700475548 0.06990230059195765 0.08588167588961709
2 0.2612192958192596 0.500988017454103 0.0667174617096146 0.1057890511827631
3 0.2894846444855508 0.30340397935018637 0.06363774228123681 0.09116881235341862
4 0.32026342206615427 0.2849998383946307 0.046901312595478695 0.07906371606512191
12 0.3532859219498258 0.26018633576881367 0.056487892408214224 0.08434350733786361
7 0.5705007823480703 0.2694090283108695 0.06424192595708444 0.10530751512788547
1 0.6058464369685822 0.2516836380758632 0.060631222408394025 0.09379748196261448
13 0.6443330347841414 0.2575608504831861 0.05285624421917812 0.08287926489800551
6 0.6698536885587458 0.22347082885640762 0.06299945361223236 0.09807877493677594
15 0.6267155367441194 0.564898550732478 0.06335764290740253 0.09950227395726374
7 0.664544084793257 0.547572531872001 0.06042214413218128 0.11470533444372394
12 0.6972358335732638 0.5317602732940789 0.06236529420202841 0.1023621582510355
11 0.6311757006215601 0.017713792839792526 0.0687513889803385 0.03542758567958505
3 0.6699885053154506 0.00874648453014989 0.05672158172256092 0.01749296906029978
12 0.7117598303267483 0.0030036406951119213 0.07395432178813177 0.0060072813902238426