0 0.2655750195819253 0.3078335438715921 0.06699549405662464 0.09177060211983218
9 0.2984947364522066 0.33865441085298464 0.06472290483242393 0.07056203851946968
2 0.33982199431851723 0.3470863849147629 0.06319346616000593 0.08670801234429082
3 0.4660868790774524 0.24630109548416323 0.06429603687583535 0.08057535125424731
4 0.49668221811040436 0.2595433528894707 0.04865925795633319 0.06994587341713396
12 0.5326441006113731 0.27053570737346044 0.058485686522791513 0.07528887735392231
7 0.6654822848236058 0.4495047961278613 0.0652080870219558 0.090083297629099
1 0.6981400404142327 0.46672705700112915 0.0606144540632223 0.08009828850883288
13 0.7184316119402232 0.5001644960788225 0.052117171825350694 0.06991761282784648
6 0.7549658441921883 0.49999183319129753 0.06195907610897744 0.08313612150053917
15 0.532437605620865 0.6559977949125708 0.059045837025848646 0.07655439555948762
7 0.5644791880820912 0.6739934246587521 0.0566131557188857 0.08713100032256271
12 0.5925026485376763 0.6893464054358964 0.05726440234868213 0.07801775560584223
11 0.8813807062324411 0.32452131846250554 0.07122265828410623 0.0856381349685924
3 0.916098304700365 0.34726993072548 0.05871752476343861 0.07933978655350016
12 0.9560120158577865 0.36907550032358194 0.07536706858260056 0.09460983091695935