0 0.25662443648102223 0.4973365367586208 0.044757832519395385 0.10271108027504211
9 0.29304279073148565 0.5009162681470908 0.04804429661567361 0.07318851579054736
2 0.3241960328503577 0.47774253510871645 0.04217918652314062 0.09709145152969795
3 0.35846194729614156 0.2912365251929376 0.044945136662663365 0.08778403219268105
4 0.3848947596458874 0.28048074208670426 0.031633734209328745 0.07933713598541842
12 0.41376289573722425 0.26365748558047764 0.040353787177457356 0.0827218136516139
7 0.5870012791182143 0.32802459213649027 0.043361631415714585 0.10106596282778985
1 0.6167020451904065 0.3193665949252684 0.04127321864916822 0.0887099555358723
13 0.6461008234126738 0.33477554307183677 0.035209047843961505 0.07778204043628412
6 0.6699697867707568 0.3073161702056125 0.04185397150402104 0.09249232605673025
15 0.5991741037395016 0.6162478022849966 0.040595720592742746 0.08429749564842115
7 0.6288431727204938 0.608757369595579 0.035277435702094406 0.10058202331096522
12 0.6546058658578349 0.6018533924606488 0.03836912006997495 0.08718338254288804
11 0.6683834393148507 0.052411829156713094 0.05074762745386052 0.09203549097545954
3 0.7020948240581963 0.04726739919049153 0.03951739974576152 0.08844929646884336
12 0.7387588691747856 0.04447140849423923 0.05264159479693764 0.08894281698847846