0 0.26292538018651723 0.2880689422119423 0.04679848694381922 0.12748887286785174
9 0.3105766357619132 0.3262154817456613 0.056224062216127135 0.0967209440270731
2 0.3570967624918647 0.33366205115992315 0.04293716038903472 0.11896159365290859
3 0.43776609218104356 0.19152520466184092 0.04711331104917066 0.10022023309692737
4 0.4721666883856145 0.20577787728061944 0.03095329119571666 0.0875139831580759
12 0.5103065383281062 0.2168487002121787 0.04237083741244352 0.09314090748237475
7 0.7126261888383637 0.43096605316750547 0.048557895991055755 0.11808176964216094
1 0.7494933345353024 0.44894548469862217 0.04714102614097393 0.10447627595967462
13 0.7836169140480805 0.48963375866626985 0.04074171713007102 0.09233980796354146
6 0.8146905696179348 0.4845248701885032 0.04853567242996126 0.10857973703144913
15 0.6952759208089045 0.7398238977290248 0.05009002911425853 0.11641846314871374
7 0.7352412845759013 0.7597391832991165 0.042354812966371225 0.13434644171621335
12 0.769684908430307 0.7759787000253439 0.04782760519869245 0.11893342880724167
11 0.8314892769037738 0.2552207861855404 0.05571815764720267 0.09864349327897148
3 0.869453737001493 0.2789747858314778 0.04336752655229026 0.09237290067237047
12 0.9107960964866076 0.3011198440810591 0.05850452449072896 0.10935700134425655