0 0.22697157566435322 0.5421943323398378 0.06853727883836092 0.09154852070929781
9 0.268838895356382 0.5424333326156725 0.06471114099416 0.06665643769908625
2 0.2989689119401925 0.5195835349799793 0.06465981974120832 0.08652819994691213
3 0.29722258667631973 0.3529606831391374 0.06515368654246012 0.07883290594959813
4 0.3247169669415333 0.34139962977998795 0.05005220239989888 0.07045612197911405
12 0.3536445710055081 0.3243125510918107 0.0594313426217824 0.07411082931991819
7 0.5630597794969752 0.36704727867677167 0.06677187951066543 0.09002238505528537
1 0.5946959890512912 0.35706878745485693 0.06176618243023291 0.07929939523113366
13 0.6312059316320423 0.36826269444213056 0.05319438561940171 0.06944447169051865
6 0.6521883694350209 0.342228355996848 0.06324096867162488 0.08257671883625733
15 0.6392426582188593 0.619345517881486 0.06004571768548561 0.07547611592360448
7 0.6710960739554811 0.6103955279631351 0.05871096603058934 0.08889785976852616
12 0.6986688953053702 0.6022726472594355 0.058547135693091557 0.07774161481532549
11 0.5951695153059444 0.11836341187444713 0.07187257752972698 0.0829700716791571
3 0.6320922718649737 0.11115229601794824 0.059978242248806324 0.07892247937290349
12 0.6713184615033407 0.09953576326400997 0.07638569764704306 0.09260006195050927