0 0.20609010004636968 0.4174104424257587 0.06902396136233782 0.09798366127022073
9 0.24345909193777573 0.43254541614088493 0.06844060603422636 0.0643516415573066
2 0.2886977126804378 0.4191740620818024 0.06515327768618229 0.09300838387066501
3 0.41888181252411194 0.2428440399248175 0.06657582013713625 0.0810991124194875
4 0.4529523110564186 0.24020591528277255 0.049408098523276656 0.07642566279592128
12 0.49277799663535726 0.23222252348476352 0.060387467928484095 0.0772825115701864
7 0.6523301958365224 0.3512203310455747 0.067125834605125 0.09797026166775374
1 0.6898890085614369 0.35183715520191344 0.06291457044026738 0.08500492103631008
13 0.7152955901299533 0.37694984927625663 0.05403881746318007 0.07509781236028684
6 0.7558126359681734 0.35654069448387693 0.06420314768662039 0.08932248358707001
15 0.5216090919742695 0.6513354138648167 0.06248533769696907 0.08213426409641666
7 0.5586876161346936 0.6537051202682604 0.05818729142168466 0.10281135128558117
12 0.5912111966556887 0.6552949398492538 0.060184436750035486 0.0865056354835454
11 0.8791902318439757 0.09765918750577385 0.07443768226141889 0.08462337646780305
3 0.9198219465121111 0.10264160587911368 0.060124599899491815 0.0845706066342731
12 0.9634911872830785 0.10373539914495283 0.07301762543384316 0.09662228067487377