0 0.22148591864734407 0.5501640492488207 0.05490907279789245 0.1302317078636483
9 0.2710993266841308 0.5498701327120719 0.06093453940467061 0.0954135114743111
2 0.3154169088002742 0.5177584567860513 0.0503862087359675 0.12109477451127515
3 0.38145177126821883 0.28389684936531506 0.05821763929391682 0.11976555630318475
4 0.4184258687847989 0.2684990999493958 0.04021943298076075 0.10554361932098816
12 0.4591445535216384 0.2451602057096317 0.052567421322446406 0.11193398332002921
7 0.6693823732749689 0.31279442416651193 0.05571015266928303 0.12548465178913754
1 0.7064904988306016 0.3005206142781664 0.05312182938104604 0.11035922233116091
13 0.7386738891797162 0.31680225940247153 0.045199632772897735 0.09520529443198605
6 0.7714842260302193 0.2825954161584476 0.05422476651393504 0.11382240387516698
15 0.6390798924170025 0.6378825354558003 0.047911734310244536 0.09333683092326162
7 0.6741411292050259 0.6255591068652848 0.04171800089836264 0.10868864803089973
12 0.7043467740535783 0.6148258863700096 0.04556697832826673 0.09522886260575414
11 0.8173937437411172 0.015189458878469229 0.0698538126020134 0.030378917756938458
3 0.8590491588744169 0.010040820661581714 0.05563678850656295 0.020081641323163427
12 0.8894826545336275 0.008888314763387726 0.042784898762655565 0.017776629526775452