0 0.2716731567589636 0.670187278713622 0.054415939827150206 0.1255144017762556
9 0.30799986793160855 0.6480206004616033 0.05334471591199541 0.10222375874590295
2 0.3358234216052305 0.5999687312810105 0.05132158193446362 0.11854436883507813
3 0.34647290506466205 0.36858335990734836 0.05254431150091565 0.11257109968321893
4 0.3711843055187653 0.33768791421398237 0.03938170797419205 0.0946247689173732
12 0.39754332313753193 0.2983172487337683 0.04771054539229036 0.10449656265282461
7 0.576212229010594 0.2453608562249422 0.05293156786126507 0.12296625738706071
1 0.6044035207770415 0.21444613160886045 0.04935854543164597 0.11047626421077894
13 0.6352797654824806 0.21043309475224348 0.04239431919172354 0.09609131900633075
6 0.6553950027691273 0.1628569901585284 0.0503994938406368 0.1142533034549208
15 0.6239242766514715 0.5562013016771705 0.04814418975859658 0.10607002371524843
7 0.6522290279265429 0.5266038976526741 0.04557286425245577 0.11614190198827301
12 0.6767574943383201 0.5004601745302212 0.046530143091253806 0.10683834792091335