0 0.16964956945264187 0.6001914168189236 0.08838299096734906 0.13059006184883049
9 0.21973370738163955 0.5965656957904999 0.08314267398381944 0.10032187091010947
2 0.2607460214180668 0.5624866686431036 0.08352208623031643 0.12359705856728076
3 0.29423130759614 0.3347090721380036 0.08393380534088907 0.11454087658921158
4 0.32973954997928523 0.31612503613592263 0.064680283487132 0.09960979129443992
12 0.36820945742905614 0.2898143133918971 0.07670104810902989 0.10718611562879674
7 0.6123931002559455 0.32737496874029026 0.08674021627787687 0.1291145561993638
1 0.6530140845001771 0.3104362673940261 0.08025679194492008 0.11486702266500998
13 0.6950715799990174 0.32216201557388024 0.06919829649936182 0.10038793587483907
6 0.7262761402399187 0.2841500430189224 0.08229915348611316 0.11940068079543051
15 0.6507837845440259 0.6674379526761827 0.07820274213613287 0.11025080174559532
7 0.6915378386336615 0.6521290915239253 0.07669352013657005 0.12561724776686556
12 0.7269454514722418 0.6383288845494663 0.0764065985206821 0.11253199089829813
11 0.7049768027528692 0.02139247267052151 0.09320945443970197 0.04278494534104302
3 0.7515498476563219 0.012209926060370458 0.0779144088040502 0.024419852120740916
12 0.7973670755737639 0.00754726712671598 0.09005803279235869 0.01509453425343196