15 0.3800261110438642 0.2583359912061461 0.08120792723374393 0.09855110013356572
2 0.41945675856371767 0.295070588777182 0.07685248708805786 0.09216716184417142
15 0.6310331707186202 0.14265964711755652 0.08034841158471973 0.09150059662552999
1 0.6717633309498863 0.17573900886290578 0.06235793471297024 0.0759903536984751
12 0.7179880230350464 0.20407657796957912 0.08741348217616995 0.10425856231815542
7 0.8392198878382162 0.3199064875955182 0.0773874891072357 0.09626668266212607
0 0.8677573706058574 0.3556257138693936 0.06716846196233772 0.08067401101622851
13 0.8855629224759209 0.40198516744276513 0.05809870877869161 0.06834377599233593
6 0.9265515894664025 0.419600463387929 0.06635569879174297 0.08281256163320178
4 0.8090914404817106 0.6689664981245798 0.07065270420602499 0.0876843383435465
3 0.8395369506713776 0.6928434607711413 0.061641757646450746 0.07686621535343774
12 0.8757247236492229 0.7187912865525125 0.08308286128479692 0.10277531076225666
1 0.36908367145486926 0.49131384161516223 0.07817877209373825 0.08984049183460718
17 0.410576377257154 0.516897757720254 0.06738022832438528 0.08182395396077158
13 0.4441935863112779 0.5635901345893474 0.06995525942558994 0.08210935095318406
6 0.4892607303185262 0.5881427761187327 0.07614208208193196 0.0942676621830989
11 0.34887772738312584 0.6764479468981249 0.07326794777740603 0.08580652650117959
18 0.3825234666544516 0.7061637545226501 0.06187514232477909 0.07217762859463783
12 0.4227162878526552 0.7354015016367594 0.06670471676806644 0.08053733396192231