15 0.3063158621257443 0.5231558167460328 0.0584694315955957 0.11170525466698555
2 0.3444990711182987 0.4919492286801248 0.05584602601136662 0.10421416007825623
15 0.3419271863208013 0.17034164552897407 0.060653737933837826 0.10231861955698725
1 0.37848069075651986 0.13596043257843263 0.04475054290738156 0.08620633948394195
12 0.41450221259058095 0.0928815498845296 0.06378822753599278 0.11775109176720984
7 0.5336124297607743 0.026519762489302656 0.05462128213564288 0.05303952497860531
0 0.5666678855595446 0.012637405645117354 0.04875268732596438 0.02527481129023471
13 0.6015806349789494 0.008586117993331565 0.042840060689511184 0.01717223598666313
4 0.7282781192562576 0.18838931113265867 0.04996321970846407 0.09983918348362864
3 0.7550973191628582 0.1623148572184791 0.04342065979942222 0.08760433378248104
12 0.7855310322432731 0.13024966880549968 0.058910012219458796 0.11694586303673286
1 0.4400520823541203 0.639069487496674 0.05863763804745015 0.10066285981255141
17 0.47247350283260436 0.6004654996487767 0.04848849421483664 0.0927579071580178
13 0.5141521176891539 0.5806405763981728 0.05166749408004845 0.09242198403443302
6 0.5474462791363423 0.5372840711393442 0.05395213254090203 0.107283014882392
11 0.5415429863765961 0.7450190072104654 0.05420332908652692 0.09653763678253069
18 0.573157172287819 0.7176720948834101 0.04590861898658516 0.08113536609462946
12 0.6072073090210617 0.6822425594503145 0.04821996403536899 0.09119114331427625