15 0.4096462348587168 0.22399821906548845 0.05305607068643248 0.11696603148282433
2 0.44172532363283135 0.266558342250059 0.050621945290609816 0.10931544016996894
15 0.5715693634003733 0.08010114009408284 0.05474493819581394 0.10819459310275042
1 0.6041169980368022 0.11828887092090323 0.040622709549317015 0.09021081282497591
12 0.6399417963434824 0.15070420703572496 0.057793434462660165 0.12361749984686772
7 0.7389201560351826 0.2849844895288078 0.049678991474099266 0.11441272778410413
0 0.7632419510647652 0.3266262871910529 0.04419798275367037 0.09569211652385279
13 0.781329561781676 0.381178855338838 0.03876817707321989 0.08096899911311001
6 0.812187508199038 0.4010063962233902 0.04249637078671975 0.09844015943796053
4 0.7600344135725323 0.7000562860955291 0.04543221912886686 0.1041992273176724
3 0.7842607538487467 0.7275929735174413 0.03950112109881965 0.09136754089556154
12 0.8127620832078605 0.7574362829021866 0.05355097873229231 0.12211046305903961
1 0.4301632017628928 0.5007939025154954 0.05296298211976663 0.10628963307502654
17 0.4623384564870766 0.5300656586067493 0.04400183230061788 0.09711691087590602
13 0.4915479131652614 0.5845971175927422 0.04674791449344895 0.09726491054282349
6 0.5261035408966463 0.6125508191142057 0.04904799445459718 0.11200742375230144
11 0.43839966340542635 0.7210505336930342 0.049033206458060474 0.10163123393412532
18 0.46557526868996585 0.7554327559269982 0.04151607326808893 0.08546891815805335
12 0.4972815469551075 0.7890752468721458 0.04373537852341286 0.09555852087021133