15 0.30854949529057507 0.5187863371040979 0.052130360092794314 0.13079327540271501
2 0.35380963666749243 0.4879226434546754 0.05051586853314438 0.12163131002671612
15 0.41288772732838497 0.1050919651647346 0.059636077565477674 0.1219434542621029
1 0.4575282509137405 0.07012119389576296 0.04076478439892334 0.10412545817298305
12 0.5033229130264165 0.04769534601517909 0.05988520343956183 0.09539069203035817
4 0.801010910663875 0.19328293739835184 0.0444402927284997 0.11716928886071235
3 0.8329515596848995 0.1672302634209748 0.03848839432417894 0.10294901529632214
12 0.8697105537903906 0.13466430872833035 0.052891894036492304 0.13732701711008438
1 0.42323079645509337 0.6723089222200682 0.05519934732279108 0.11421519960946103
17 0.46328318795458423 0.6324838882039625 0.04281708770114828 0.1063266322835058
13 0.5089823171184282 0.6155813839062318 0.047653205686595146 0.10520742363080327
6 0.5507555663484807 0.5704440281235336 0.0466802094027593 0.12339997012560189
11 0.5046748410055361 0.8064080353477987 0.04952994943711869 0.10798457564073194
18 0.5412927457092573 0.7796381390556139 0.04221010589564267 0.09070548541802737
12 0.5818535637208226 0.7440276358729224 0.04266490101248066 0.10259315578590011