15 0.21879485438116236 0.35147234241885766 0.07315576740041316 0.10303666911456488
2 0.27852753667538693 0.3702373457367974 0.07017649229941922 0.0949554254536118
15 0.34487276127951727 0.10296180128155702 0.08288485764276166 0.09517193882168867
1 0.40552782642382684 0.11773316669666341 0.05650487506338098 0.08553270893176343
12 0.4674610437171215 0.12426673365893362 0.08207925625189677 0.11474838153353056
7 0.6615981180014983 0.18734135375527028 0.06439563145096383 0.11023814897408532
0 0.7134417178582604 0.21150230538218034 0.06001189055575973 0.08866867358028788
13 0.7629238030579018 0.25254646730955366 0.05380989169530692 0.07282752265245479
6 0.8133367209034006 0.2505462721106293 0.0540313229923185 0.09458343502602409
4 0.8779009306847744 0.5667545369243254 0.056075975955450774 0.09227538361498
3 0.921206878583843 0.576823086820522 0.04881978576805446 0.08147065008990462
12 0.9686713198908008 0.5862185369447492 0.06265736021839852 0.10840366005200519
1 0.37819942797788925 0.5891161548744642 0.0740037447565507 0.08368520139000912
17 0.43034305019230906 0.5956654034773387 0.05731610393352715 0.08120201246283543
13 0.4907441459667642 0.6262346478533962 0.06295435680665112 0.07811776414652083
6 0.5453127901263783 0.6301793648339813 0.0610654430111327 0.09515927137834279
11 0.4897637074225734 0.7741369723706695 0.06477848886065518 0.07827571109340548
18 0.5373533607711005 0.7879985137072816 0.05481085247271822 0.06547959846342721
12 0.5899972696207482 0.7986271758046394 0.054848700920386406 0.07587649161061027