15 0.24364059054034987 0.41792923380369384 0.06375972328565327 0.08961885256488233
2 0.29605669690589514 0.4167140723608232 0.06212914195991559 0.08238806054764591
15 0.3527869465618735 0.12322520124523534 0.07230175805953576 0.07614266713133248
1 0.40491622012776385 0.11682387176761194 0.05038020942239313 0.07190767243222825
12 0.4585384006633403 0.10186631750530012 0.0740435208861458 0.09556252068886945
7 0.629272868817194 0.09654373938194036 0.0620929689295201 0.09582923372253722
0 0.6758329992108544 0.10231296380205679 0.057946466034686894 0.07600710278731111
13 0.7214834134348642 0.12598111896737282 0.05225421495447602 0.062126862907878375
6 0.7660649424637653 0.10621551642777002 0.05389951720048736 0.083599291401594
4 0.8440254665876269 0.41334279130594087 0.05794312092804521 0.08664505174144133
3 0.8849730979937958 0.40853311543202164 0.05037396257362026 0.0767830292123795
12 0.9323169750680543 0.4007387046322769 0.06946008925327019 0.10172525553315842
1 0.38644100593773756 0.6161779230788476 0.0684482766292211 0.07469950389582258
17 0.43392200394896635 0.6049225879948148 0.05403833291464999 0.07559121294105697
13 0.48978715922783134 0.6171730302124225 0.06005336702578301 0.07172276102931696
6 0.5400653645114122 0.6021980908494972 0.059773919733101644 0.09068043699283312
11 0.4924585900290586 0.7841472481883811 0.06288492461109019 0.07487149064979126
18 0.5373323992640802 0.7829365653109455 0.05381123748087735 0.06275028762452839
12 0.5871875072254846 0.7762854419323343 0.05503441120025643 0.07469391287422944