15 0.34238234092776315 0.26692476702729123 0.06442655331513925 0.1502965435130542
2 0.3946041317442264 0.3032958114613721 0.0609900751351794 0.13772529958109353
15 0.5156581667302224 0.011882820277089721 0.06521841578391047 0.023765640554179443
1 0.5699123438833458 0.03158515967740569 0.042504680039274434 0.03275690162412637
12 0.6255348053952738 0.06295702125692998 0.06465933509665966 0.05707572910617529
7 0.7893622751978031 0.15831312596301547 0.056363198859589736 0.10330766083079591
0 0.8311244578939696 0.1807003133860635 0.05479693760231674 0.11170413568290478
13 0.8653723533179395 0.23512042610418982 0.05000864293757079 0.10627694756727446
6 0.9103130117937603 0.2414813300071394 0.0522012578502572 0.13602274395963954
4 0.8875076567410405 0.6578522309727082 0.05215428379343423 0.12654388262505833
3 0.918755738596545 0.6755220948328807 0.03852518834421803 0.10827625098190019
1 0.4376888939512426 0.6095431625767957 0.06265314725362203 0.11774895405203412
17 0.48409416401638905 0.6262984489631357 0.04759303534748266 0.11205769019254608
13 0.5321092030852257 0.6750226087233556 0.052857464733490844 0.10803112695965278
6 0.5803727619225301 0.6882701577532409 0.0518202760079417 0.12990909185227117
11 0.49764876513648165 0.862663772955296 0.05348623140884412 0.10582023696566634
18 0.5370127773605613 0.8866074817640848 0.04566975541466822 0.08841207656411088
12 0.5813750190720384 0.9069712274814548 0.046185661414800294 0.10149428146675021