15 0.3156101676007881 0.419952443308715 0.05057111948570675 0.07994371936538192
2 0.3639404518314686 0.42045151592286345 0.0493892298137133 0.07309560054322484
15 0.4437579377239588 0.15997809085637923 0.05840655908465325 0.06509275229656541
1 0.4911819361543301 0.1568301202613336 0.0383937042515311 0.06212139199682637
12 0.5402762193292129 0.14632770251639005 0.05697622746744235 0.08180190266486267
7 0.6903534041420133 0.15003588703717569 0.0449148329779161 0.08166570741577711
0 0.7300225572056087 0.15727322760306484 0.04299768777264268 0.06416622763674104
13 0.7671373231990702 0.17991318667702752 0.03919377615546127 0.052152254595628
6 0.8068122053834469 0.16494440400691293 0.03813735557759346 0.0706510318820815
4 0.8471164334786814 0.4335913571236379 0.04129107643286434 0.07408171287603871
3 0.8821291750200022 0.43059859253114025 0.03551626311882761 0.06548437613186886
12 0.922496263177135 0.42520994538295154 0.04902319054867266 0.08633274340785774
1 0.42709014708656046 0.6028961618453864 0.05569982467460349 0.06522495094384206
17 0.47123430912028635 0.5935797259689095 0.041885333095253774 0.06645639182659291
13 0.5203349224487154 0.6055799666914357 0.04744552990702511 0.062371576670982476
6 0.5666203344031557 0.5930251772351738 0.04481874328189639 0.07930288031056187
11 0.5070758627168913 0.7561990245454995 0.04995850834986176 0.06487972960692434
18 0.5474787002893762 0.7553980998955723 0.042589280348746095 0.05412356779776928
12 0.5925281487281522 0.7497279056970333 0.042115162022194785 0.06470306737054154