15 0.26725999593765615 0.49149236142668884 0.051311180095752223 0.10823030548300006
2 0.3101810771369773 0.47815793328907574 0.04994295685574751 0.10028817341054391
15 0.3583084174505382 0.14523436749610502 0.057709677946364724 0.09424407493631723
1 0.4006770502714889 0.1267409933216282 0.03988288134269807 0.08482126053936917
12 0.4441928639480861 0.09873738470038892 0.05858714341244936 0.11414730221041997
7 0.5820338007760806 0.05556506470360983 0.04855133530913669 0.11113012940721965
0 0.6194707440258953 0.05147762031693129 0.04541041906801724 0.09018606090281556
13 0.6561051466079333 0.06697184621584003 0.04098491238932944 0.07481428727582173
6 0.6918853032184014 0.042188500202477865 0.041893137665639735 0.08437700040495573
4 0.7543565722519796 0.35039835157122157 0.04535167273365004 0.10254114345477966
3 0.7872250568288326 0.3360095697284442 0.03932978318529823 0.09054086234357056
12 0.8251507523785426 0.3170089624938035 0.05416736832995017 0.12045084101338516
1 0.3828614424075651 0.6764609652307616 0.0552412697526915 0.09425623890096113
17 0.4217421702243865 0.6530695933332338 0.04331544555378941 0.09146755271666362
13 0.46726942561925355 0.6536117400266446 0.048182839094573715 0.08888022950861985
6 0.5082850586521971 0.6255590753949323 0.04759825108264604 0.10821338688058868
11 0.46872874560343747 0.8370167132704214 0.050622988446490436 0.09308889349698934
18 0.5053936645966763 0.8251416754666456 0.043251736717112466 0.07820934716832995
12 0.5460733622094003 0.8061245857413868 0.04400532336836516 0.09077470748051486