15 0.36655561418419247 0.16249403771427293 0.09502543013895504 0.12526967850718912
14 0.4100446297895237 0.20252783998696244 0.0910959130746481 0.11634335866022383
0 0.657021180319199 0.13512856472453022 0.07786262614566597 0.10413683931961713
17 0.6891215865474785 0.15976920113411278 0.07935903970126512 0.11027564760725228
12 0.7225129160163468 0.19282994949795723 0.087274455429314 0.11584035650247948
11 0.8596477648875394 0.5194120880887931 0.09122407791593035 0.11773374029093697
15 0.8965274520666049 0.5492211759641153 0.08986693600477513 0.12313447784516973
13 0.9075704939935871 0.5997860750286832 0.06661970088310765 0.08987312452627871
6 0.952470739266792 0.6120360473727952 0.09505852146641591 0.13096241452282498
3 0.2609408113226501 0.48153790525769563 0.08999130518042953 0.1219267425395284
4 0.29027433092286203 0.5057305349334592 0.07309911952501408 0.10196686273461114
13 0.30111448642865124 0.556996610493823 0.08514504987295496 0.11374921776425473
6 0.3445879451307169 0.5734497352973175 0.09595426011256997 0.13154123706987764
0 0.5645004961166802 0.5282141757507961 0.06910795151623772 0.09328308204040925
8 0.5904259455321521 0.553806529302447 0.06769504107471092 0.09298813973615483
12 0.6196775596064261 0.5894184105337705 0.07756555914521124 0.10244364914761739
3 0.5976026734900648 0.8850318145012553 0.09431805905421398 0.13078487761379676
1 0.6254037988888843 0.9255146442754474 0.09013295014873812 0.12405976633642901
9 0.6473005927435236 0.9696534773809155 0.10459235140667611 0.0606930452381691
10 0.7091918227796197 0.9747309820074788 0.11222087448300255 0.05053803598504236