15 0.2916292888545533 0.2522973877384719 0.07893701904754885 0.11608507236447593
14 0.3439542675570919 0.2793820561082257 0.07746722181030535 0.10485523295045904
0 0.5551894111270037 0.177220579137751 0.05911226339452014 0.09161499218735292
17 0.5892652493057746 0.1928661817170954 0.05656058177437928 0.09809785014828568
12 0.6257541378884759 0.21517583052581934 0.0653132938941523 0.09965029070334733
11 0.8069281013818446 0.4538916326162108 0.06311794887706179 0.09332581892209507
15 0.8420122249069227 0.46978913218298546 0.056315270735959544 0.0996690188805176
13 0.8601104130527344 0.5062886219013231 0.04227558400261999 0.07167059263864645
6 0.8984070148072083 0.5062904697543298 0.06284112877098957 0.10259612722432776
3 0.27451758629051826 0.550127346768376 0.0698481771685289 0.11087197609990296
4 0.3088040640925943 0.5637399868779656 0.05381504801754117 0.09327518651231703
13 0.3321437786693028 0.6037321898673831 0.06589386656561197 0.10084776320358368
6 0.37667905694520687 0.6070658458534297 0.0707857908155955 0.11709722789050081
0 0.5628824886109366 0.5213148200284294 0.04998288492301728 0.0801808594729771
8 0.5909665883505512 0.5362534759304348 0.04738230753307815 0.08005296437562842
12 0.6235456822015979 0.5581143946666273 0.05619779925831925 0.0854225670502422
3 0.6671087619034677 0.7903675841846008 0.05953824315103562 0.10670815246633247
1 0.6980798752214254 0.813753869371812 0.05627168284574935 0.0995406456439153
9 0.7313687848799335 0.8663474382725218 0.07270208457811855 0.09663988036554938
10 0.784704997478 0.8672952113571403 0.06691530944503354 0.12158872571717128