15 0.32766876376353365 0.3478754421764848 0.055834496078229434 0.09855373792612415
14 0.3793707939596441 0.3603516525242488 0.058201251433631696 0.08701877513785994
0 0.5481617681793021 0.20642039112643357 0.0438495664894506 0.08373994042071778
17 0.5828062884099483 0.2125069570896984 0.03946480277912634 0.09258917755973847
12 0.6211818427353106 0.22459914998186714 0.04984198487080593 0.09114636987188537
11 0.83644752306185 0.4102539641531928 0.050832047291023974 0.08342883342485063
15 0.8725012235753073 0.4166624762330262 0.041322974586923356 0.09364945703460709
13 0.8961817188523401 0.447505659441649 0.03160750869241724 0.06632621240807546
6 0.9327864389943914 0.43774919690731773 0.047921760881162734 0.09452128294905149
3 0.3760240296541326 0.626053450240788 0.04631862665050446 0.09097716670718226
4 0.40818670599974255 0.6307418098829063 0.03382262300492411 0.07858962840019468
13 0.4364633766253087 0.661471760690588 0.04541839944341042 0.08187459412264231
6 0.4756622923207596 0.6546355171820153 0.04699384346885893 0.09780456544712268
0 0.6234732054210897 0.5339771613795838 0.035932464378017226 0.06953807368902909
8 0.6517105866721233 0.5412595652986246 0.03327487856210509 0.07051984197521821
12 0.6854407578910271 0.5539528498438095 0.042308423740700096 0.07321943163618194
3 0.7674603625460368 0.756707142951812 0.04093818835099772 0.0922900370062647
1 0.7995713709744942 0.7711920011518296 0.03930184457223329 0.08587881116310447
9 0.8388338375379056 0.8114125054937369 0.05838868535989805 0.0762574276265523
10 0.8876931224989286 0.8009658917615163 0.04552373308276292 0.10573076481655874