15 0.3303297891826486 0.3464797560258012 0.049068255097467706 0.10116569642159667
14 0.37416623585694564 0.3682428321130048 0.05083424453354629 0.09110612311795896
0 0.5209962147977968 0.2540034673024009 0.03866240298731505 0.08524052039248087
17 0.5504135806958241 0.26642245181318336 0.03514046411124572 0.09244385863165919
12 0.5828968660309589 0.28527141724999583 0.0438652805136468 0.09320267057897635
11 0.7628599496711523 0.5031546376247541 0.044546240447886576 0.08635351660389762
15 0.7934724588000379 0.5161495609008937 0.036729105681680196 0.09378384073585178
13 0.81307045682146 0.5500363226488292 0.02798770163290898 0.06688977689762732
6 0.8444614169783585 0.5477500093974625 0.04231291489883349 0.09590025811962805
3 0.3662388023925661 0.6205107766777964 0.040889779892201716 0.09234319545408198
4 0.39356716004703696 0.6311242467340294 0.030101291842962896 0.07853129436218997
13 0.4170854478703533 0.665782210835015 0.03994851636484742 0.08385108235562466
6 0.4506321257796045 0.6667716246649523 0.0415957760664617 0.09871271810598747
0 0.5789416656357301 0.5801907691442416 0.031700183312801 0.0706880347240797
8 0.6028742637418177 0.592522695707036 0.02947800042185955 0.07105279360154548
12 0.6313859936796111 0.6110554165277893 0.03715216491480011 0.07532538534452038
3 0.6974334832351585 0.8197324913476641 0.036377357569291946 0.09246550006660348
1 0.7245307007758712 0.839660867548231 0.03486892080253068 0.08628369854026308
9 0.757232859932708 0.8854533527559317 0.05077733065063117 0.08131692733728424
10 0.7990837180023116 0.8848537092259265 0.04051404221532551 0.10565636219586805