15 0.32216798781416156 0.4094670797682872 0.06478494747086033 0.0896218868190583
14 0.3721515241173331 0.40817279965034575 0.06556777871817426 0.07739200753857167
0 0.5585808327261557 0.21414191187834541 0.05167110183112278 0.0768529667158718
17 0.5923453497804648 0.21105786387790598 0.04865626125488043 0.08673758144307833
12 0.6291071576919455 0.2128583323703614 0.05822792239393326 0.08323695709239423
11 0.8212487511041368 0.33784259680033235 0.058194005711381 0.07517049991364605
15 0.8563777715698567 0.3347056208195246 0.05053496059140472 0.08745592678930708
13 0.8762700039422999 0.3586147103617199 0.03799075208821601 0.061482046720235994
6 0.9138782067410723 0.33957262468889504 0.056845098638673486 0.08705521980196035
3 0.3370865436201594 0.668116711919778 0.05489570856943726 0.08375317534448623
4 0.36854717201896825 0.6643154225917091 0.04160474923424162 0.07355927363701409
13 0.393028794677332 0.686917615755412 0.05291233066599388 0.0746433576704888
6 0.43287096602367114 0.6700475629770848 0.056383344254078094 0.09058600827505525
0 0.5944391023556043 0.5139210262594929 0.042456454298939406 0.06391302299110124
8 0.6216819708047459 0.5136709047927993 0.04008166592618645 0.06543412147575162
12 0.6537471326319746 0.5172667669757556 0.04890824947740391 0.06642196961416225
3 0.7111892010068143 0.6936108737046183 0.05000349508341628 0.08614436742726783
1 0.7414283851742323 0.6993751156253387 0.047664643454813804 0.07992398864385508
9 0.7757137969686132 0.7283712250938372 0.0643992606776137 0.06637738124838866
10 0.8256048423444178 0.7054660649645652 0.055992209450540176 0.09895917982162028