15 0.3139860119335207 0.4547146986889149 0.06052438999212695 0.09201865524113995
14 0.36729868801855964 0.4453647032022306 0.0625538860121706 0.08103548953496009
0 0.5476956488343272 0.23859432758307303 0.04774909858242549 0.07827314942721411
17 0.5834935678304267 0.230270670978089 0.043561984238982276 0.08676056300930038
12 0.6229722736109029 0.22589456912278694 0.05413668075971023 0.08514545889855565
11 0.8405838976845352 0.30802420179184387 0.054886987821206934 0.07781131074836717
15 0.8778354867283225 0.2994293132562962 0.04550051089641893 0.08772043472143992
13 0.9014342624387162 0.31789829319314644 0.03462186445664717 0.062071010270832117
6 0.939785495596094 0.2944477329743906 0.052285940170976986 0.08838831575370931
3 0.35515706996695284 0.6872653902615 0.05052377506459288 0.0850695207879828
4 0.3884218942732569 0.6786668685413542 0.037308033497840176 0.07363452661883085
13 0.41679988660801964 0.6951979662602273 0.0492915943929263 0.0764686434756583
6 0.4577513189882247 0.6733554243635332 0.051447974095908844 0.09152062220784729
0 0.61526455399546 0.50508790573155 0.03915923232096208 0.0650099230052118
8 0.6443663238844033 0.5004054746031446 0.03647195171448414 0.06600352013655131
12 0.6789987765488539 0.49842860859257004 0.04581238817532607 0.06834447161230728
3 0.757607289385673 0.6492483087652459 0.04506019682211715 0.08644193269891332
1 0.7904989760218819 0.6495400893044524 0.04316621652992836 0.08040805854954747
9 0.8299819676339288 0.6702769663755574 0.06237863602640281 0.0708372993092089
10 0.8810884601664319 0.6413080086416663 0.05021332384300903 0.09906391771916312