15 0.30361034443725965 0.5505755028869688 0.07275683046619214 0.10686492972972161
14 0.34324484437067704 0.515129905883367 0.07029154352616368 0.09893384360234814
0 0.37829645246994503 0.25185470177903296 0.05937897243723511 0.08895493970013416
17 0.4037529096946568 0.22637995890419751 0.05952411410860531 0.09371857466472583
12 0.43454382729888175 0.2022171895945743 0.06606770415760338 0.09790953866914198
11 0.6643671916182379 0.15598968970739854 0.06401494696948307 0.09229809919292342
15 0.6908951453308604 0.12953512636703882 0.06116154595908663 0.09551477556884236
13 0.7212271325118071 0.13234836443794518 0.044908105037349655 0.0688508560164056
6 0.7402787295948193 0.09316199033411406 0.06595451979570766 0.09959880214557562
3 0.4698424955634814 0.7194418660345511 0.06361318936716842 0.09596389523887283
4 0.4930089991039196 0.6950627229179425 0.050744871813944326 0.0797153134318801
13 0.5262719875158351 0.6937983947355792 0.059786472804256086 0.08828219117466285
6 0.5484241673893262 0.654572549418686 0.06648342408346297 0.10172556933281585
0 0.5859718472157506 0.4347396129965634 0.04898205669233602 0.0736216286193892
8 0.6078455036870585 0.4157358698165169 0.04752249051451063 0.07303389029085777
12 0.6359098925551827 0.3960632067213988 0.054615851219546374 0.07981921697415517
3 0.7874579330947453 0.4785202802307229 0.06041989399485603 0.09423884677863659
1 0.8153387247678225 0.4616118801648823 0.05704338477340232 0.08831308031390933
9 0.8603381510762826 0.4580004522498694 0.06661824150545248 0.09049583051799126
10 0.8870163758483844 0.40764796158405414 0.0682835980030233 0.10725568484135434