15 0.21729494470749094 0.48459563572679837 0.09340417568214276 0.1070430147923539
14 0.27292824513974157 0.4493813906500065 0.09070911673572946 0.09879020363936625
0 0.3526739144230272 0.19790472302163015 0.07079910342129797 0.08235443540766813
17 0.387714418930163 0.17309015130736866 0.07052491790285231 0.087182342678823
12 0.4296439214866414 0.14864421917831672 0.0819616316816082 0.09275270596334498
11 0.7492132053170657 0.08231986890751147 0.09420032228849873 0.10012713229403275
15 0.7879987718087004 0.05532600928040564 0.08740842558534778 0.10292161824794169
13 0.8188194997326829 0.06296714093829883 0.036158473502426736 0.05727294313293958
3 0.41851046815808046 0.6735731532463743 0.09051119851879336 0.11083369730865988
4 0.45531504516032567 0.6472757551190719 0.0706885741314458 0.09209810051988354
13 0.5054878586998485 0.6480762811638898 0.08653148880718176 0.10343598439196955
6 0.54310625436354 0.6046269456667722 0.09633265270964103 0.11985980442874045
0 0.6172968019877243 0.3645571304979587 0.07069243356592636 0.08256724718371344
8 0.6512653517048883 0.3441390882634079 0.0693078558161645 0.08281842248122112
12 0.694987153308591 0.3225646698133477 0.08195995080366003 0.09138354576538354
3 0.9394773871130258 0.4091590117507618 0.10495147652784176 0.12580452047581892
1 0.968677297185512 0.39562253413262893 0.06264540562897603 0.10699397165494134