15 0.30849935353514846 0.5948619732711962 0.0633250770359462 0.11779328848788273
14 0.3472507282510533 0.5526161006807578 0.06202552648349774 0.10967419024074676
0 0.3985531107100597 0.25942832575669283 0.051339975201759314 0.09780033087899614
17 0.4236412716698107 0.22930678346937644 0.050572961085469104 0.10239331737278648
12 0.45349834933124544 0.200208731267991 0.05733237526181878 0.10779638849734
11 0.66650210161745 0.13096478042800572 0.056055439739808754 0.10198642301991123
15 0.692639468174715 0.09967735353839159 0.05211765552743697 0.10446121669913841
13 0.7200969815286802 0.10037145031342276 0.038519125399200105 0.07547400227925492
6 0.740350550607518 0.055634073904538374 0.056869591748579085 0.10939017742945263
3 0.4477095756162477 0.7679263713901392 0.05487024992526446 0.10541188164607518
4 0.4706287421486257 0.7391951955301875 0.043149396035945586 0.08711825441339882
13 0.5010588959952581 0.7351587749402875 0.051944226893757106 0.09724255606148746
6 0.5241432314230476 0.6901316056876141 0.057064918055929004 0.1115392970206156
0 0.5745319314975652 0.4446642830740881 0.04230309578681779 0.0809080001804085
8 0.595877218909594 0.4219650856864844 0.04072725335757377 0.08003521962424637
12 0.6229178488547109 0.39803636061487935 0.04761437417090397 0.08803966052075368
3 0.755081035817826 0.47695382577157874 0.051508778678636125 0.10308178037849808
1 0.7817512217075621 0.45608878371555417 0.048759695255898405 0.09668971890427458
9 0.8230578833632685 0.44853127985505326 0.05942574565734304 0.10081311511979046
10 0.8510872626338661 0.39087147340514106 0.05806514605844304 0.11721774874502228