2 0.15835386304044685 0.4484120221014107 0.07245454290917541 0.20136105492257073
4 0.20110367501249568 0.4631072644427768 0.055427668607656466 0.19204981879914473
1 0.23205822841099694 0.4686578192830763 0.05606070538673613 0.17776804307319505
2 0.5085703887184941 0.1347095321700519 0.05843224759200072 0.164199818669777
4 0.5468745225061773 0.1517243582074518 0.05274811243766009 0.15645567108271874
6 0.5900937811751954 0.160724022235409 0.056432096259343534 0.16232036995578508
0 0.6672509105092929 0.6387203413298301 0.044874791647464995 0.14418625233554383
4 0.6887139387274908 0.6435992159837867 0.03246253401098265 0.13300472202649816
4 0.7078068446088619 0.6587938107282485 0.03679713216004887 0.13281491194737405
4 0.8328941216402825 0.6566659268424497 0.034797858740368115 0.11920275292327365
4 0.8580873728185247 0.6654201963972524 0.041030110264165254 0.11769402096768433
0 0.8055077631439609 0.6447413148623693 0.04053476775129006 0.13139342882712834