1 0.1840910611532613 0.8051769269119267 0.04862545805250054 0.052218331077490965
2 0.20572199385460777 0.6842109513574168 0.03687771788394198 0.04631727741086511
6 0.22685792031472768 0.6828904682292625 0.03472337230315675 0.04442271552692589
2 0.3181750806598236 0.5541776961482643 0.0283411648150797 0.03761973774776095
4 0.33266189433772275 0.556756305320343 0.029272270222998553 0.038835447939132295
8 0.34610096457319167 0.5643665007041749 0.02438402100345105 0.025411487719559145
9 0.36708713987453134 0.5569943437933174 0.03374073796370858 0.0403851251754751
7 0.45247204370614424 0.5321678969304096 0.03294224879202351 0.04087271166700812
10 0.4676374496087674 0.5336026163781721 0.030759930928836665 0.04292081618417498
6 0.48664477605975787 0.5323820464565879 0.03530922792382524 0.04335120129317005
3 0.3867038966087919 0.7034461197247092 0.03217305994308772 0.03741912587111407
4 0.40504809293592886 0.7054835897919313 0.026721957862929524 0.03183185828332058
6 0.42284657132500164 0.706865388463209 0.03352810441269205 0.03980119743325239
2 0.5331411060496802 0.8534434969627405 0.03687771788394212 0.046317277410865
6 0.5564343789526094 0.8562504620668223 0.03924362702582196 0.04879498157352058
7 0.6509155636877819 0.8531145508534366 0.03889944722849348 0.04650854261189974
0 0.6701645659621122 0.855538908742115 0.03520016833671913 0.04841245117145099
8 0.6872736147666061 0.8616856360011755 0.03004775663462589 0.03158268304957568
9 0.7126775408166223 0.8565420848325624 0.037807753301939195 0.047532202138730106
3 0.5802932295142729 0.719647169802478 0.036613297350970075 0.042910760858390296
4 0.5981722791071984 0.7222446786651271 0.027198753896491956 0.03582159392784556
4 0.6133886600522809 0.7206654672882692 0.026509324311912996 0.031247930541097757
11 0.877275003995069 0.5998263438039944 0.04429876232669616 0.04927322138944146
2 0.8976409296667575 0.6020550790722514 0.034056687428209775 0.04661352188802936
6 0.9165972810752884 0.6038484399752877 0.03658425507864704 0.04685264179598969
12 0.5768557344942882 0.5273320418318538 0.027974240308119236 0.028568829038288834
13 0.5895589398998823 0.5276284926483644 0.023315071786528696 0.033199616994240566
9 0.610149148421938 0.5256523381242657 0.02858284063841965 0.03426178455238449
5 0.5110494687233752 0.3698697014687008 0.03336751589405673 0.04204056715145382
10 0.5288224595912182 0.37275846555228875 0.03134578654950504 0.04184930195041903
6 0.54799063261127 0.37396782189976846 0.03632009259610103 0.04344683389368753
2 0.6327080299057932 0.29353477765873565 0.028341164815079645 0.03761973774776095
0 0.6485656082045932 0.2959403126701774 0.028026027290074418 0.03139141784854066
1 0.6689833208582369 0.2951551939271476 0.03379882250835542 0.032501363300276254
2 0.6034202583618865 0.37468359787783745 0.029432858741633927 0.036596078220930695
0 0.6201525303456348 0.3732477969950888 0.02725054087844725 0.03864418273809744
9 0.6455879834291463 0.3780695541805957 0.031133152998488733 0.04126537420819609
11 0.7044497247269673 0.379412046538254 0.03499302040889818 0.037122095930443355
6 0.7275414594891607 0.3791811918709195 0.03813000032913183 0.0430542481658332
5 0.7699170202598475 0.3970765330613518 0.04411517104800322 0.04474741270961918
0 0.7939686446518572 0.3999552418191552 0.03671605937538469 0.048555861665560196
14 0.8101728875091576 0.40571508125675954 0.030340149449999188 0.031046533200944415
9 0.8310676542467896 0.4007482530179974 0.030151330598536252 0.037227860670079216