1 0.16757870803973696 0.5951399329201681 0.02740205482324068 0.05356515889323887
2 0.14923241875586266 0.4699971958287315 0.018592058336621087 0.04765052045978713
6 0.16688253186250235 0.46819864962926233 0.017241383118928588 0.04571574258521438
2 0.2056967329114992 0.33362831461791764 0.01362823049986181 0.03873834951926031
4 0.218854736001995 0.33598664942889644 0.014082561835809748 0.03998987065261933
8 0.2326494450208205 0.34355336563465394 0.013993691846857614 0.02605092381089491
9 0.24832957284898996 0.3355196821477096 0.017660219940424826 0.0415124469204029
7 0.3136992845259343 0.3081610542583746 0.016771598172485636 0.042040376712551064
10 0.3270886774595863 0.30932619351727 0.014109607999897134 0.044231966864546834
6 0.34295117988013735 0.30767468670362974 0.018126139138522956 0.044581483690095014
3 0.30966293220973284 0.48608038364362005 0.017195017596001172 0.0384434725310116
4 0.3259507822365298 0.4878010781511575 0.014036196312882332 0.03271760059841661
6 0.3415729566796216 0.4888571803547491 0.01765635419207995 0.040906117817431975
2 0.4803920748810862 0.6376717600012154 0.018592058336621142 0.04765052045978724
6 0.5011411277030369 0.6400832629769134 0.019945877757541586 0.05019082922074025
7 0.5808823493021178 0.6348956262752965 0.02037702398630492 0.04780584740885285
0 0.5980607539710263 0.6369964129725623 0.016375946458174195 0.04988017532260891
8 0.6145444993265278 0.6429786039655851 0.017156378878321332 0.032383124846461
9 0.6346761702704309 0.6371508158679391 0.019045668127452342 0.048901243376555215
3 0.47993780759239324 0.49877503763015274 0.01946135605427818 0.044091680989073734
4 0.4959988503780537 0.5010826609671031 0.013170759652127939 0.03688203333581119
4 0.508514362992029 0.4991399005288895 0.014032330564537565 0.03211127149544557
11 0.6971154676453839 0.369115058429474 0.024409008735425508 0.050579208973705436
2 0.7151882833218648 0.37099107988607716 0.015917754065323697 0.04802306092256886
6 0.7319246660620924 0.37244747276954604 0.018149319554265575 0.048217250799051425
12 0.41846259321866286 0.30060231014547867 0.016244576694639634 0.02927528752965286
13 0.42940255624798146 0.300645039055866 0.010477136021990407 0.03422439995631743
9 0.44638699377091595 0.298181900552451 0.014944132748219374 0.03521910881225371
5 0.31432754006437014 0.13964738425865353 0.016779329669175336 0.043253034918493194
10 0.3303866546673001 0.1422574363107996 0.014994364019491557 0.04309770796942748
6 0.3471261863021981 0.14310743771099652 0.0190186219633649 0.04465914716462789
2 0.3949995568027629 0.05844177333207419 0.013628230499861782 0.03873834951926034
0 0.4092756386301817 0.06059333388366902 0.015371413228637665 0.03222779789739523
1 0.4264752908406605 0.059361518023464066 0.020284292940450255 0.03326130730044744
2 0.3946861482329407 0.14269830279409054 0.01495958635871436 0.03764295355155793
0 0.4085400266573417 0.1408720063775258 0.012297596186126025 0.039834543703553604
9 0.43173198921599165 0.14531608681217767 0.01499049827114668 0.0424913788664564
11 0.48241406658634567 0.1454819697977727 0.019868600322181906 0.03807013385163904
6 0.5020662975958281 0.14476617280280385 0.020800438718378333 0.044208207391023394
5 0.5437061968573746 0.1623363393361204 0.02571717948709351 0.045847310060756624
0 0.5651247910113752 0.16480610551279343 0.017714312268599763 0.04999663934425774
14 0.5807179817247651 0.17040820431608794 0.017598396115560133 0.0318155962906059
9 0.5970522019659317 0.16485589293313274 0.015410051946317505 0.03828814558194585