1 0.16576799999999997 0.800321 0.03777 0.06959300000000002
2 0.139077 0.6325150000000002 0.025525999999999993 0.06259300000000001
6 0.163669 0.627986 0.023657999999999985 0.06012200000000001
2 0.216588 0.440619 0.018677 0.051061999999999996
4 0.234954 0.44226699999999997 0.01930000000000001 0.05270999999999998
8 0.254254 0.450914 0.019299999999999984 0.03376699999999999
9 0.27604400000000007 0.438149 0.024280000000000024 0.05435699999999999
7 0.36694 0.393263 0.023035000000000028 0.05518000000000001
10 0.385618 0.39326300000000003 0.019299999999999984 0.058475
6 0.407719 0.3891450000000001 0.02490300000000001 0.058475
3 0.36289400000000005 0.6353980000000001 0.023658000000000012 0.050239000000000034
4 0.385618 0.63581 0.019299999999999984 0.04282699999999995
6 0.407408 0.635398 0.024280000000000024 0.05353300000000005
2 0.602274 0.8211170000000001 0.02552600000000005 0.06259300000000001
6 0.631224 0.82194 0.027393 0.06588700000000003
7 0.742354 0.805469 0.02801600000000004 0.06259300000000001
0 0.766323 0.806292 0.022413000000000016 0.06588700000000003
8 0.789358 0.812469 0.023657999999999957 0.04200300000000001
9 0.817374 0.8021739999999999 0.02614799999999995 0.06423999999999996
3 0.600406 0.6325150000000002 0.02677099999999999 0.05765100000000001
4 0.622819 0.633751 0.018055000000000043 0.04859199999999997
4 0.6402509999999999 0.629633 0.019299999999999984 0.04200300000000001
11 0.902045 0.430736 0.033618999999999954 0.06588700000000003
2 0.927259 0.431148 0.021789999999999976 0.06341599999999997
6 0.9506060000000001 0.431148 0.02490300000000001 0.06341599999999997
12 0.512935 0.370614 0.022413000000000016 0.037885
13 0.528188 0.369379 0.01431899999999997 0.045296999999999976
9 0.551846 0.36402600000000007 0.020545000000000035 0.04612100000000002
5 0.366318 0.164306 0.023035000000000028 0.05682799999999999
10 0.38873099999999994 0.165953 0.02054499999999998 0.05682799999999999
6 0.412077 0.165129 0.026148000000000005 0.058475
2 0.47807 0.044474 0.018677 0.051061999999999996
0 0.497993 0.045709 0.02116800000000002 0.042003000000000006
1 0.521962 0.042003 0.02801600000000004 0.042827000000000004
2 0.478382 0.15895200000000004 0.02054499999999998 0.049415000000000014
0 0.49768100000000004 0.15483400000000003 0.016810000000000047 0.05271000000000001
9 0.530055 0.158129 0.020545000000000035 0.056004
11 0.600718 0.152364 0.027393 0.04941499999999999
6 0.6281109999999999 0.149069 0.02863899999999997 0.05765100000000001
5 0.686322 0.168012 0.035487000000000046 0.05929799999999999
0 0.7162059999999999 0.168835 0.02427999999999997 0.065887
14 0.7379959999999999 0.174601 0.02427999999999997 0.04117899999999999
9 0.7607199999999998 0.16512900000000003 0.021167999999999965 0.050239000000000006