1 0.02562372206711265 0.19429562853462165 0.0454435373649732 0.11974490942917343
13 0.041226709255947666 0.48916176408848494 0.03364269831444893 0.09622701618251839
10 0.05973009827332573 0.4955573312323801 0.02643393192685812 0.0882456131819278
6 0.08079265161407168 0.5073630777321536 0.034243153009782326 0.09460595493619084
7 0.22983806772361332 0.42219264900651865 0.036290024001396165 0.10188330494984049
2 0.2537896479929207 0.43471931332818164 0.028944870852421367 0.0944980983820689
5 0.2101671294741396 0.29396665994956295 0.034751045670918856 0.10864326413908793
7 0.2314989097031321 0.29250147551462863 0.027362166889580763 0.08619671031334583
14 0.24947761837872798 0.3190113162497922 0.02845098912456029 0.08548095977598608
9 0.2726956823270775 0.31283341326822944 0.034591403909754403 0.10731135630006478
2 0.34739027942452605 0.4618667842245481 0.033473713391955595 0.0979863479100323
0 0.36869319137069917 0.471674673320333 0.026753215449186962 0.09090942885997422
8 0.3812859451254457 0.49623128163028013 0.020409433270465183 0.05268577723890189
9 0.3991117464603411 0.4909201769110384 0.03048375008807508 0.08773731243438632
5 0.45789597523987746 0.5382737699150038 0.0448984984960587 0.11490525714985339
10 0.48730642493880244 0.5549052588000574 0.03726283101275085 0.11489616707299294
6 0.5162589162067353 0.5670777661330356 0.044912509429334335 0.11992542774666792
2 0.3558355844474991 0.06321493609805601 0.04584159080832556 0.11787694261184968
0 0.38648669580707373 0.08328012398791225 0.0388298312097789 0.11817654907737403
6 0.41864759662072076 0.09350890670629866 0.046944423976580385 0.1221813626713042
7 0.48866715494928425 0.14640749769147096 0.04350430457720206 0.11797653584754604
11 0.5206753699209925 0.1551502288119773 0.04289450672053979 0.12268883666041062
9 0.568354821131085 0.1765650956699068 0.03582585697262308 0.10290734300491386
2 0.6354800928162467 0.504577253254126 0.037451440151558546 0.12626966059784367
0 0.6588148202148423 0.5139780883549361 0.035056417354796254 0.1062877359787553