1 0.6283815970382898 0.1875700437388467 0.06262186525344948 0.12859683479577416
0 0.5452082771870934 0.30329303856542833 0.047667269544322655 0.09576380037186594
2 0.7087599919261953 0.22861981079331933 0.028977794262498913 0.12118420100069438
0 0.9728363171541492 0.07997633630162088 0.05432736569170171 0.1114618127875096
1 0.6349333249555376 0.3548974915453839 0.05234145172995719 0.12138216365047239
1 0.969569927519211 0.24915694255692794 0.06086014496157799 0.1267732995292016
0 0.709704347511765 0.400535719948485 0.06262039826139476 0.1027306621285991
2 0.5442851114867562 0.5049996234916801 0.03084906452810099 0.1595969343275055
0 0.6723305314203085 0.5839274822880245 0.04392847799281341 0.08504077497880247
2 0.5545740824639 0.6515449787568078 0.029910332412073637 0.08578420314450796
2 0.4452300367477251 0.735990441480892 0.026173007852618946 0.10092735041861955