18 0.052375 0.254667 0.048750 0.084000
17 0.154500 0.258333 0.029000 0.086667
8 0.260125 0.260833 0.046250 0.102333
1 0.392625 0.268167 0.048250 0.098333
7 0.489875 0.273833 0.044250 0.103000
15 0.591375 0.265000 0.048250 0.095333
4 0.671375 0.267167 0.048750 0.105667
11 0.771375 0.251167 0.052250 0.109000
0 0.867625 0.255500 0.048250 0.117667
0 0.841375 0.489833 0.074250 0.093667
11 0.767625 0.482500 0.051750 0.073000
4 0.686625 0.482167 0.054250 0.075667
15 0.589250 0.479000 0.053500 0.066000
7 0.509500 0.477667 0.052500 0.074667
1 0.391125 0.480167 0.073750 0.073000
8 0.238625 0.464667 0.057250 0.094667
17 0.147250 0.447333 0.053000 0.075333
18 0.055625 0.441167 0.057750 0.089000
13 0.060625 0.599667 0.051250 0.080000
13 0.070250 0.687833 0.033500 0.056333
14 0.130125 0.591333 0.055250 0.076000
14 0.139000 0.694333 0.052000 0.087333
9 0.211375 0.605500 0.051250 0.052333
9 0.212000 0.697667 0.050000 0.050667
10 0.295875 0.588833 0.035750 0.069667
10 0.279750 0.692500 0.028500 0.067667
2 0.344875 0.587833 0.032750 0.069000
2 0.341000 0.694500 0.031000 0.073000
12 0.405375 0.586000 0.041750 0.070667
12 0.409250 0.693167 0.038500 0.077000
6 0.467250 0.579667 0.034500 0.067333
6 0.470000 0.694833 0.037500 0.065667
16 0.526500 0.588500 0.025500 0.048333
16 0.519875 0.701167 0.026750 0.047000
5 0.581250 0.597167 0.023000 0.056333
5 0.581875 0.706000 0.025750 0.061333
3 0.952000 0.255667 0.044500 0.109333
3 0.932875 0.502667 0.065750 0.090667
