0 0.137992 0.462343 0.026947 0.137315
1 0.164717 0.464245 0.027391 0.122100
2 0.194773 0.465386 0.033610 0.126664
3 0.338170 0.596044 0.026059 0.114112
1 0.359491 0.593191 0.019248 0.096995
0 0.377628 0.588627 0.020580 0.096995
5 0.398505 0.625523 0.022061 0.096995
6 0.419085 0.584062 0.024726 0.103842
7 0.553524 0.472233 0.021469 0.133511
4 0.574622 0.479650 0.023394 0.127805
8 0.598830 0.466527 0.025911 0.110688
9 0.632440 0.482693 0.036867 0.078357
10 0.661904 0.468809 0.024726 0.124382
4 0.752887 0.440472 0.017471 0.093572
11 0.774430 0.441613 0.025614 0.109547
0 0.795751 0.435907 0.017027 0.100418
9 0.819514 0.452644 0.028724 0.062381
10 0.842908 0.422024 0.018063 0.095474
8 0.935150 0.290605 0.017471 0.089007
3 0.950844 0.291936 0.014806 0.088627
6 0.971202 0.289464 0.022357 0.095854
