3 0.162614 0.571878 0.037475 0.143756
11 0.196409 0.567522 0.036806 0.133107
9 0.238791 0.587609 0.045728 0.083253
2 0.277158 0.553243 0.034575 0.140368
0 0.356681 0.172556 0.036137 0.127299
4 0.388468 0.156099 0.028329 0.113746
12 0.424158 0.169409 0.039482 0.150048
7 0.674771 0.139400 0.035690 0.116167
3 0.707450 0.141820 0.030560 0.125847
12 0.746487 0.147628 0.038590 0.125847
0 0.854116 0.538722 0.035244 0.154889
3 0.886460 0.540900 0.033906 0.142788
13 0.919027 0.583979 0.033460 0.119555
10 0.953045 0.548887 0.032344 0.158761
11 0.498104 0.675944 0.037921 0.136980
4 0.530671 0.666989 0.029445 0.135528
13 0.563350 0.692885 0.034575 0.134076
6 0.595695 0.648596 0.030114 0.130687
