0 0.219951 0.434536 0.037438 0.101375
9 0.261946 0.450344 0.047537 0.066323
2 0.302586 0.436598 0.035222 0.095876
3 0.376232 0.254124 0.040640 0.084192
4 0.409113 0.251718 0.025123 0.079381
12 0.445936 0.243814 0.035714 0.080069
7 0.637192 0.368213 0.035961 0.100000
1 0.673522 0.369072 0.035714 0.086598
13 0.705172 0.394845 0.030049 0.076289
6 0.738054 0.374227 0.035714 0.090722
15 0.599631 0.671821 0.035714 0.081787
7 0.635714 0.673883 0.025616 0.102405
12 0.667118 0.675258 0.032266 0.085911
11 0.782020 0.108763 0.047291 0.086942
3 0.822414 0.114605 0.033498 0.086942
12 0.867118 0.116495 0.047537 0.098969
