15 0.581301 0.534284 0.029268 0.097711
15 0.333333 0.074016 0.029268 0.089139
18 0.074797 0.535999 0.030894 0.097711
18 0.104065 0.540284 0.030894 0.092568
18 0.608943 0.074016 0.034146 0.092568
2 0.796748 0.143442 0.037398 0.090854
8 0.047967 0.540284 0.026016 0.092568
8 0.582114 0.075731 0.027642 0.092568
17 0.307724 0.076588 0.021951 0.090854
12 0.367073 0.089444 0.028455 0.092568
12 0.642683 0.089444 0.028455 0.095996
12 0.618293 0.537713 0.030081 0.097711
14 0.145935 0.547141 0.043089 0.089139