14 0.074619 0.384615 0.042629 0.053016
17 0.369284 0.308092 0.026176 0.040012
8 0.361431 0.546164 0.028419 0.036011
14 0.793706 0.326098 0.034403 0.046014
1 0.103412 0.185056 0.031411 0.054016
19 0.137441 0.185631 0.017201 0.012354
17 0.291563 0.050065 0.023820 0.045514
19 0.329967 0.042263 0.023820 0.015605
19 0.347468 0.024057 0.018959 0.015605
17 0.403372 0.037386 0.023820 0.055267
18 0.434970 0.039012 0.025764 0.044213
18 0.463894 0.035436 0.026251 0.043563
7 0.510805 0.047464 0.026737 0.057217
12 0.555528 0.053316 0.037431 0.062419
8 0.749977 0.097529 0.029653 0.026008
12 0.961440 0.132640 0.044237 0.071521
11 0.912828 0.118661 0.034515 0.068270
3 0.828972 0.094928 0.028195 0.066320
1 0.872370 0.109233 0.046668 0.075423
17 0.958676 0.021036 0.019445 0.039012
19 0.775835 0.073147 0.021268 0.014629
19 0.772327 0.093059 0.016683 0.012191