14 0.506579 0.046696 0.020472 0.043740
14 0.179877 0.744178 0.023884 0.053198
14 0.503167 0.757773 0.020472 0.044923
14 0.739024 0.680340 0.026443 0.046105
14 0.408056 0.533751 0.021325 0.043740
14 0.954409 0.627143 0.018766 0.043740
14 0.722817 0.921504 0.017913 0.046105
1 0.710448 0.928597 0.013648 0.043740
1 0.387158 0.541435 0.022178 0.044923
1 0.428529 0.779052 0.021325 0.040194
15 0.159831 0.753044 0.023031 0.049651
15 0.487386 0.052607 0.021325 0.041376
8 0.219542 0.316822 0.023031 0.040194
8 0.498902 0.388935 0.020472 0.040194
15 0.388864 0.782598 0.023884 0.042558
17 0.734759 0.284904 0.021325 0.044923
17 0.628559 0.529022 0.020472 0.039012
17 0.849062 0.642511 0.014501 0.039012
19 0.427137 0.442515 0.013247 0.013004
19 0.464945 0.132716 0.012695 0.011474
19 0.599344 0.426069 0.013247 0.012239
19 0.669166 0.737015 0.016006 0.013004
19 0.876698 0.650195 0.014903 0.012239
19 0.910642 0.649813 0.014351 0.013004
19 0.910918 0.639868 0.013799 0.013004
1 0.889392 0.642163 0.017110 0.045131
1 0.859311 0.647518 0.014351 0.039012
0 0.713873 0.678498 0.022630 0.045896
0 0.476812 0.760346 0.020974 0.047426
18 0.939344 0.638339 0.014351 0.032892
17 0.930512 0.636426 0.013247 0.039777
17 0.698695 0.930161 0.017662 0.045896
14 0.658955 0.515949 0.016558 0.039012
1 0.644604 0.520156 0.013247 0.045896
5 0.662542 0.604681 0.017110 0.039012
19 0.449725 0.777690 0.011831 0.009612
19 0.453397 0.766382 0.011831 0.014135