2 0.051385 0.490897 0.061658 0.100130
2 0.605244 0.081925 0.046775 0.057217
17 0.492559 0.083225 0.019135 0.065020
17 0.435684 0.700260 0.022324 0.084525
17 0.115701 0.150845 0.028703 0.065020
9 0.546243 0.095579 0.064847 0.037711
9 0.644046 0.715865 0.066973 0.037711
13 0.250179 0.823797 0.038270 0.066320
11 0.228386 0.143693 0.049964 0.066320
11 0.086998 0.273732 0.026577 0.037711
11 0.144935 0.796489 0.034018 0.063719
11 0.548370 0.875813 0.049964 0.055917
13 0.333098 0.154746 0.040397 0.057217
18 0.279413 0.141092 0.047838 0.050715
18 0.125268 0.273732 0.049964 0.050715
18 0.705704 0.349155 0.045712 0.053316
18 0.573883 0.704161 0.041460 0.063719
7 0.161944 0.147594 0.051027 0.063719
7 0.803506 0.800390 0.043586 0.061118
7 0.790749 0.533160 0.047838 0.070221
0 0.195962 0.796489 0.051027 0.084525
0 0.394756 0.417425 0.055280 0.072822
5 0.164602 0.293888 0.037207 0.054616
5 0.886957 0.810143 0.040397 0.067620
4 0.097628 0.807542 0.043586 0.088427
4 0.601523 0.238622 0.049964 0.063719
1 0.238485 0.412224 0.063784 0.096229
1 0.471829 0.703511 0.041460 0.072822
1 0.836993 0.798440 0.031892 0.065020
14 0.605775 0.882965 0.032955 0.049415
14 0.762578 0.342003 0.051027 0.059818
6 0.467045 0.410923 0.057406 0.072822
6 0.203404 0.271782 0.040397 0.059818
6 0.295891 0.804941 0.042523 0.070221
6 0.922038 0.771131 0.029766 0.070221
12 0.720055 0.227568 0.042523 0.057217
12 0.902903 0.522107 0.044649 0.076723
15 0.470234 0.876463 0.059532 0.065020
15 0.309179 0.419376 0.064847 0.074122
15 0.522856 0.708062 0.047838 0.076723
10 0.708893 0.697009 0.043586 0.067620
8 0.553685 0.243823 0.069099 0.066320
8 0.739722 0.546814 0.088235 0.079324
8 0.659992 0.355657 0.054217 0.048114
3 0.661586 0.230819 0.048901 0.058518
3 0.840714 0.532510 0.047838 0.074122