17 0.160779 0.472785 0.010185 0.032819
18 0.170964 0.476500 0.016667 0.032819
14 0.186705 0.477739 0.017593 0.024150
4 0.188094 0.597870 0.021297 0.056350
3 0.207539 0.608397 0.019445 0.040250
12 0.232540 0.596631 0.022223 0.051396
12 0.217030 0.752369 0.025464 0.060685
17 0.190640 0.761347 0.015278 0.052635
1 0.169112 0.759490 0.031482 0.058827
19 0.425137 0.770017 0.017593 0.016719
1 0.496203 0.737817 0.025464 0.046443
17 0.529306 0.735959 0.015741 0.050158
14 0.548056 0.742770 0.014352 0.024150
8 0.515416 0.547093 0.022223 0.037773
17 0.539491 0.538733 0.014815 0.039631
1 0.564723 0.541210 0.013426 0.033439
3 0.579770 0.536256 0.021297 0.037154
12 0.605696 0.536256 0.021297 0.049539
17 0.694587 0.405907 0.011111 0.029104
7 0.711949 0.495387 0.021760 0.050777
18 0.708014 0.405288 0.017593 0.034058
14 0.726995 0.407765 0.016667 0.031581
1 0.739496 0.504675 0.027778 0.048300
12 0.775376 0.497864 0.025464 0.068116
17 0.808016 0.594154 0.013889 0.040250
18 0.823988 0.594464 0.021760 0.032200
18 0.842507 0.592606 0.021760 0.034677
12 0.805007 0.768159 0.024538 0.045204
19 0.782552 0.613660 0.015741 0.012385
19 0.786025 0.603133 0.013426 0.009908
15 0.767043 0.778376 0.020834 0.038392
8 0.735098 0.778996 0.021760 0.035916
4 0.813803 0.876215 0.030093 0.061923
8 0.844128 0.881479 0.026852 0.051396
9 0.881397 0.902533 0.031945 0.039012
2 0.917046 0.887052 0.025464 0.048919
14 0.918667 0.707784 0.035186 0.079262
19 0.993362 0.707474 0.013276 0.011765
19 0.993130 0.719859 0.013739 0.013004