18 0.135667 0.374512 0.046318 0.044213
18 0.445209 0.671001 0.050837 0.065020
18 0.705608 0.271782 0.042929 0.052016
18 0.239036 0.241873 0.042929 0.046814
17 0.706738 0.637841 0.024854 0.063719
17 0.083700 0.378414 0.021465 0.046814
17 0.630482 0.061769 0.016946 0.042913
17 0.335451 0.068921 0.014334 0.036411
8 0.158826 0.591678 0.067783 0.078023
8 0.753056 0.459038 0.051967 0.062419
8 0.360627 0.065020 0.039834 0.046814
9 0.814060 0.464239 0.063264 0.039012
9 0.470627 0.871261 0.079080 0.044213
9 0.773391 0.095579 0.076821 0.053316
1 0.491527 0.667100 0.039540 0.072822
1 0.423744 0.423927 0.028243 0.062419
7 0.539687 0.172673 0.043223 0.054059
7 0.391856 0.672859 0.069426 0.063905
0 0.213618 0.585176 0.050837 0.075423
0 0.047550 0.384265 0.039540 0.061118
0 0.365564 0.423277 0.049707 0.081925
15 0.263890 0.575423 0.049707 0.068921
15 0.194977 0.246424 0.040670 0.050715
12 0.324329 0.564369 0.044059 0.085826
12 0.289308 0.238622 0.035021 0.050715
13 0.405104 0.055917 0.036151 0.049415
13 0.800504 0.656047 0.047448 0.068921
3 0.126065 0.243173 0.045189 0.059818
3 0.390418 0.861508 0.070042 0.084525
4 0.661549 0.640442 0.058745 0.092328
4 0.711821 0.470091 0.039540 0.058518
17 0.583893 0.169515 0.014525 0.051087
14 0.620205 0.170444 0.035505 0.052944
14 0.226822 0.374327 0.041154 0.048300
5 0.668218 0.077559 0.045995 0.045514
5 0.326883 0.249396 0.033084 0.043656
5 0.181230 0.380829 0.037119 0.050158
11 0.491095 0.170908 0.030664 0.053873
11 0.750122 0.625581 0.043575 0.069664
2 0.472939 0.417983 0.039540 0.059446
6 0.861076 0.444455 0.037926 0.062233
6 0.365616 0.226175 0.034698 0.039941
9 0.771506 0.265651 0.070204 0.037154
16 0.534669 0.666450 0.046802 0.041798