19 0.026013 0.466190 0.048884 0.035111
8 0.245993 0.414824 0.036424 0.091027
8 0.334176 0.082575 0.047926 0.084525
8 0.378747 0.067620 0.039299 0.070221
12 0.424756 0.059818 0.045050 0.093628
12 0.576681 0.513004 0.034507 0.089727
12 0.805767 0.518205 0.032590 0.079324
17 0.516295 0.521456 0.023004 0.096229
17 0.645216 0.668401 0.000959 0.002601
18 0.545050 0.514954 0.026839 0.049415
18 0.780846 0.528609 0.030673 0.053316
17 0.758321 0.522107 0.023963 0.094928
18 0.280499 0.407672 0.032590 0.061118
14 0.320757 0.397919 0.049843 0.080624