1 0.37736445838818344 0.8001510038034363 0.07429501927210336 0.10460104205725929
0 0.2830475680201899 0.7164788828581694 0.0563843858695009 0.07749156897081477
2 0.45636799048944615 0.7276427967523986 0.03927145770168006 0.11027855189810198
0 0.7388653266229575 0.7736716443516104 0.06528267161312173 0.09032550741365486
1 0.3707786570784041 0.6297395786446343 0.06320049552823159 0.10137033870599566
1 0.7235236349205723 0.604679596653019 0.0760633430465657 0.1020431418649127
0 0.4436787844487547 0.5548138987652872 0.07224190479561077 0.07865231044350396
2 0.2660806760671007 0.5144927686465924 0.04423351510624188 0.14808534532715267
0 0.39086083590931964 0.3854076838953 0.05170711916696902 0.068191407347866
2 0.264970574867378 0.3634726785160882 0.03741813362025456 0.07440129298358822
2 0.1463533993183532 0.32137754506673133 0.034793981394215245 0.09104986297439505