1 0.4643918375666539 0.48272856921096785 0.0632626384085288 0.11087506913801448
0 0.3813081545354434 0.5786370253167441 0.04811846519161006 0.0824176968712379
2 0.5420343184845133 0.5325864483165381 0.030336272242335482 0.10881296284628311
0 0.8024331776583786 0.43211579401721234 0.05567814073442767 0.09597646969318263
1 0.4678789651248658 0.6396827974755068 0.05311630584999244 0.10563002273670852
1 0.7976887136750423 0.589585548854684 0.065053268769098 0.10890545585195321
0 0.5399758000420309 0.6930106230831012 0.06281584004542118 0.08675818992605155
2 0.3769129188441492 0.7665677725007567 0.03282192227885006 0.14435849500105336
0 0.5003654067442294 0.8586118306635642 0.0442889831576338 0.0729586572144918
2 0.3844032833553237 0.9046841747483414 0.03063585627180998 0.0756723172539685
2 0.27635006380127747 0.9612468299765611 0.0272531726009414 0.07750634004687795