1 0.4038284755481638 0.5199544038866832 0.0855519891442365 0.08361830595083786
0 0.3000189942161214 0.46911605655431254 0.06474268853676901 0.061868905633121474
2 0.4768541206954181 0.4408652009724835 0.05059316672344355 0.09042364847742901
0 0.7677989196707441 0.41856771526453734 0.07501909987892419 0.07214099505423421
1 0.3805041171547739 0.375981520388231 0.07398670278034247 0.08154639775171657
1 0.7357348556721561 0.27771438203640086 0.08709518028714736 0.0813654424041525
0 0.4471048434111966 0.2961598342114298 0.08093538652741128 0.0619243193920021
2 0.26308401147953586 0.30046383968773754 0.05931773971474924 0.12191698624448832
0 0.37699989830996283 0.16312139556688915 0.05909152701937742 0.0543224179715833
2 0.2472061600656362 0.17184367656207394 0.04520929213913233 0.06037190129230527
2 0.12281791442546733 0.16177852810556162 0.044174733238565855 0.0745194001896029