1 0.3364299399941453 0.08164940578859631 0.0880419013706753 0.11816641594103361
0 0.23838591288512095 0.09482355854831051 0.06628835608559949 0.08807622197539539
2 0.37871190898603724 0.20364876211533273 0.06190239859873814 0.10903762855528176
0 0.6152080905552277 0.35505794488703124 0.07691857765657562 0.10248808491457201
1 0.28360051383512946 0.23610421163630263 0.07835636814182309 0.11101478527251649
1 0.5558437887032277 0.5021646815391594 0.08872704819092347 0.11670350932668738
0 0.3203753273644094 0.3561599473696521 0.07916606279444394 0.09536999036990257
2 0.16851593729451764 0.2715940759881071 0.0763944054264574 0.14303582838491744
0 0.23122776306148027 0.4778702500283837 0.059987041013863596 0.07833735433123695
2 0.1254395412091055 0.4117248558215557 0.050410520573887035 0.07791094115326719
2 0.023134194614147372 0.36939161594501163 0.046268389228294744 0.09096849908023996