0 0.302634 0.652796 0.05250100000000002 0.10403099999999998
0 0.77952 0.561769 0.08653 0.05721699999999996
0 0.514098 0.20936299999999997 0.05541799999999997 0.06761999999999999
0 0.667712 0.189857 0.032084 0.046813999999999995
1 0.6191 0.557867 0.02819499999999997 0.117035
1 0.667226 0.5786739999999999 0.03111200000000003 0.145644
1 0.725561 0.181404 0.027222999999999997 0.081925
6 0.572918 0.224317 0.058335000000000026 0.12873899999999996
6 0.3804139999999999 0.527308 0.056389999999999996 0.14434299999999994
4 0.679379 0.711313 0.05541799999999997 0.054616
4 0.781951 0.69961 0.07777999999999996 0.062419
4 0.211729 0.913524 0.08458500000000002 0.061118000000000006