0 0.8856096847944285 0.582128742553212 0.06281392235010763 0.10476228864588033
0 0.5784386615335337 0.2440700164860643 0.05992171596525664 0.10045253152717074
0 0.5494985861879391 0.39969754852065753 0.06967283032346983 0.1006809706094004
4 0.5279990004507609 0.46006991200558767 0.0848986673718467 0.11796166357685528
4 0.6209614382527298 0.5494387313518277 0.07998341156576527 0.11602687745097356
4 0.7679381881820719 0.690710084044257 0.06564844002880554 0.10091261248569816
6 0.8229722997386885 0.445556308027389 0.050569741883510044 0.10556977977825632
6 0.7995375585868629 0.6011599448028806 0.051716172402308414 0.11399922604421286
6 0.6481861851033865 0.47466491633319596 0.04148518609829965 0.0872055164306686
6 0.49282038602526146 0.21958214290190886 0.03797923887422122 0.08514281780504854
4 0.4765589230323849 0.27147024441970735 0.07720975233352934 0.11355489796480261
6 0.6867778361071432 0.3029859055432035 0.03671325408264958 0.07304511893456428