2 0.41357112298786336 0.4725061378203065 0.10104176577151619 0.14183872969257388
3 0.4673875313648612 0.36852685453295936 0.08500327784358536 0.12092959124758262
4 0.49838561219540145 0.24354767295795976 0.07260703747429997 0.07677902980021803
4 0.6341093705411407 0.2858319594736037 0.07375124072182138 0.06339185136396519
4 0.8528766519365016 0.36952368102203664 0.09532079400614613 0.10148487076328383
4 0.9365855738997939 0.3814140954058973 0.09150771151347403 0.08683616815148631
4 0.7969120209153758 0.3171514000627986 0.07159824067985032 0.08672721407575207
4 0.7463125299685807 0.3692959122006314 0.06975915198075755 0.07464505400435606
6 0.9082597814585334 0.4679868070034242 0.09132022626467573 0.15026836218610456
6 0.5998347190148794 0.5776184639570571 0.0573293909156215 0.10204042217555553
6 0.7104518553098816 0.6630758546793074 0.057074244913251304 0.08147505258445509
6 0.7705447371799878 0.4256684624315157 0.06262542891340206 0.09281898179339237
0 0.49445885811884493 0.4455135052125952 0.050134250558754034 0.070918732443643
0 0.6675780501915392 0.545486803517637 0.06679805537226768 0.09465830460348634
6 0.6223389151198127 0.35204848702112945 0.07245171373865422 0.10401664811427763
4 0.7048368494942496 0.337650005994234 0.06976132493549037 0.08988273817020115
1 0.7153430751708556 0.45956918152620185 0.07612794638373754 0.14833559609258012
5 0.7491097735383102 0.49938796204945846 0.0605544187029643 0.08691593712402645
5 0.7191611733436318 0.5949433880135251 0.06454691047526595 0.06989949940803064