3 0.06406923022907153 0.5642776259370774 0.07465080407521622 0.15705891968642693
5 0.17865917331672332 0.4848519223786605 0.04564244555417066 0.08611959930376317
5 0.11007012973931005 0.4760421284488153 0.03985636772940589 0.07981867995311315
5 0.16194199662688025 0.42744776531965195 0.051473397751231637 0.10306068768260224
5 0.15149305353204293 0.5920291106194562 0.0465481855198947 0.09077221311401473
0 0.26008897268018905 0.43057175349173593 0.03944916951047045 0.06731732228751058
0 0.3373416927094294 0.3510360203923665 0.047952327930659455 0.08757536750234945
6 0.4552988466738893 0.34014853167364456 0.06100846877493238 0.0947860757771975
6 0.4212023434808102 0.2276310778965917 0.04899428579653292 0.08251804881983607
6 0.4003420931343984 0.35581592141184243 0.039596073226838724 0.0810833419430187
6 0.38833614649110887 0.2922423552380033 0.04343445322000594 0.08778896616593046
1 0.29015354393623527 0.33828335878368465 0.05883466499684503 0.08361965951928058
1 0.21769111688192186 0.4082610153813116 0.063374726267592 0.08872619629780554