0 0.214646 0.3888170000000001 0.055417999999999995 0.08582600000000001
0 0.6434060000000001 0.33745100000000006 0.057362000000000024 0.08452500000000002
0 0.6307670000000001 0.541612 0.07486300000000001 0.06371899999999997
4 0.637087 0.629389 0.09333599999999997 0.06762000000000001
4 0.512639 0.629389 0.08361299999999999 0.07282199999999994
4 0.317704 0.629389 0.06319600000000003 0.07022099999999998
6 0.317704 0.302341 0.032084 0.11313399999999998
6 0.30506500000000003 0.5 0.028195000000000026 0.12353700000000001
6 0.502917 0.520156 0.027222999999999997 0.09102699999999997
6 0.7445200000000001 0.401821 0.02430600000000005 0.09622900000000001
4 0.74695 0.477243 0.08361300000000005 0.07542300000000002
6 0.506806 0.287386 0.027222999999999997 0.07542300000000002