2 0.8006637150334668 0.5790265376731975 0.1501210551874742 0.17003175144730892
3 0.7801791802034761 0.4302035769135093 0.1218051079232666 0.14039915175846124
4 0.8072830409843725 0.2794428086041877 0.11036034154725549 0.0860760610115979
4 0.5975709479935357 0.24410946944182177 0.09738903423211709 0.061629505810807256
4 0.32687678598883174 0.21262982697413613 0.0980770053557885 0.08655191710546908
4 0.24921689249047874 0.18669472105679685 0.08727376396637723 0.06869722388327792
4 0.40150739383949263 0.1929674351933043 0.07783527531848705 0.07846898171043443
4 0.4308439045017366 0.26253659313303784 0.07912482693869294 0.06849933689364163
6 0.2407582319609809 0.2674453450342838 0.08849008361042462 0.12964680806921428
6 0.49585946674808445 0.5341424837208304 0.0669535522649844 0.10569021241923748
6 0.34211964350307855 0.5320035639485535 0.062005722718913914 0.07679878120047251
6 0.3820135444120794 0.2989634709974469 0.06746507310665462 0.08650109779708443
0 0.6967405734871274 0.48727721773399535 0.06886118187483059 0.07986172778397566
0 0.4359544841295706 0.46072811532016034 0.07682903323014884 0.09290922387106249
6 0.5785729040930033 0.31355045515102475 0.08973896643756052 0.10763233658817667
4 0.48938483892673496 0.2553463345481046 0.0815839980730958 0.08702750405430479
1 0.4233540134956908 0.3577312532764484 0.0827030759623319 0.14550133375112356
5 0.3723580801105487 0.372869571577244 0.06563063827151605 0.08127409356879006
5 0.36206849742494723 0.47040287057530206 0.07165709011074517 0.06444536082524949