0 0.43909477169138433 0.7935909008249173 0.08998685175279403 0.10737408177766894
0 0.12296024517011053 0.46174019190788274 0.09212657289130487 0.08653850390013212
0 0.4631268587169679 0.34400313335563854 0.07604994299993817 0.08159037647079637
0 0.352957857939412 0.24722987307707683 0.0465765596665384 0.052185794300590976
1 0.23969920051045956 0.5448680968447359 0.0720053642796851 0.09983623160834271
1 0.19652900109249377 0.5335771622127918 0.08598178746084423 0.12132712935627021
1 0.31283705482247115 0.21070419047624653 0.0578941202631017 0.07581805195880165
6 0.41105875719551593 0.3234826979346205 0.10456574635347815 0.12875395899791509
6 0.4320754012961273 0.6565781100872068 0.10961940180500424 0.13894604024681734
4 0.13619860740807116 0.621481544316921 0.06695868762181442 0.06871501507876066
4 0.06881786243540436 0.5579662314624295 0.08685488699124869 0.08525762911464385