0 0.7614162233255413 0.5286163862349981 0.05264175420167383 0.08511307030795318
0 0.39828780875819625 0.5646958346606791 0.07137184257368223 0.05104609043852415
0 0.5460961020826327 0.8594483227509613 0.0498828272737637 0.056887014125872604
0 0.4304478647547685 0.8634033916102395 0.0299121189658213 0.03892208697172883
1 0.5157901184512477 0.579524330894374 0.03651060136873463 0.0934854180566399
1 0.4831847338579475 0.5597379850254867 0.04251081290899006 0.11604583805454183
1 0.38674709947956326 0.8657577180555897 0.031065631724913167 0.06598996551677017
6 0.5048341928138889 0.8434483671512947 0.06026260804810191 0.1048406722137658
6 0.6872850406308979 0.6209219258997356 0.06093367248011616 0.11688596763894454
4 0.49211164358357257 0.455242505836789 0.04813099958013056 0.046729718889876204
4 0.41506840136033 0.4568510745618811 0.06563487226633313 0.054466751623357734
4 0.8634228313966466 0.33164007987839306 0.07046634291014231 0.05395028880534669