0 0.8576579694258355 0.3366778429325024 0.05725656798081269 0.10665594410751211
0 0.40216468685148066 0.5013075688291833 0.08713314915632514 0.06759085479698568
0 0.6800111836645156 0.7716547206674285 0.057119697417697735 0.07011661413013215
0 0.5351612218702972 0.8137571144491053 0.03361571007935005 0.04734583767819234
1 0.556524614626702 0.4775787369439758 0.035145242238831975 0.11330432008013558
1 0.5087332315529971 0.46685784785011736 0.04015110687891965 0.14047844918342223
1 0.4809297876551719 0.8304589845909696 0.03149740205939772 0.0780786617413386
6 0.6229326992142923 0.7679150092506539 0.06393175407246854 0.1258760041479875
6 0.7891828167307164 0.4645788656172644 0.06327831458085209 0.1434934893486156
4 0.48767012354440303 0.34845435354460763 0.057471254428181795 0.06079901765444046
4 0.389554937887591 0.3768099479806414 0.07957240290135098 0.07179185882494932
4 0.9325686143404315 0.07834895941809944 0.08713978801734046 0.07382817297158048