2 0.178187 0.43953200000000003 0.089447 0.15344600000000003
3 0.221452 0.585176 0.07291799999999998 0.13003900000000002
4 0.225827 0.741873 0.07583499999999999 0.07412200000000002
4 0.417359 0.7431730000000001 0.07972400000000002 0.05331600000000003
4 0.704171 0.728869 0.08555800000000002 0.089727
4 0.800424 0.744473 0.08361300000000005 0.07152099999999995
4 0.624933 0.76528 0.061250999999999944 0.08192500000000003
4 0.58021 0.691808 0.06513999999999998 0.06762000000000001
6 0.794104 0.6449929999999999 0.059307 0.150845
6 0.46111 0.402471 0.036945000000000006 0.11313400000000001
6 0.623475 0.35695699999999997 0.04472299999999996 0.08192499999999997
6 0.6254200000000001 0.639792 0.04666800000000004 0.09362800000000004
0 0.282217 0.507152 0.04277900000000001 0.07542300000000002
0 0.536459 0.46814 0.05347299999999999 0.09622899999999995
6 0.42221999999999993 0.6651500000000001 0.05833499999999997 0.10793200000000003
4 0.520903 0.711313 0.059307 0.08842700000000003
1 0.5695160000000001 0.581925 0.04180700000000004 0.16254899999999994
5 0.6215310000000001 0.552016 0.04666800000000004 0.08712600000000004
5 0.613753 0.435631 0.06027899999999997 0.062419