3 0.32144650854319146 0.4985730292337649 0.0869105829112487 0.1871237539459843
5 0.4665881934601333 0.4516471382973669 0.052170677914569974 0.09669744137534664
5 0.3857949290151601 0.4091355540699491 0.046102747560300306 0.09276080212140081
5 0.4522888015716725 0.3730144539026231 0.05835435993817678 0.1183947695518826
5 0.42441275313555993 0.5715948835458518 0.05337138853587553 0.10367183502027577
0 0.5660972737017176 0.4220709408375263 0.044750894884672765 0.0716110241809701
0 0.6607413496326022 0.3610733774295518 0.05207691293240935 0.09389665541618902
6 0.790008588171927 0.4012381600902615 0.06597715237538093 0.09314409873874169
6 0.7646880648118461 0.25230474186595425 0.052606744645096515 0.08411247627033172
6 0.7294752789908159 0.39525084913694086 0.040771533382506386 0.0890834572544833
6 0.7226596422853191 0.3140241017001306 0.045065388384391114 0.09632507867402512
1 0.6090700064244201 0.3238322232526474 0.0683946404750031 0.08112879384653354
1 0.5193518971805906 0.3754798528458374 0.0757174676119684 0.08694072004073977