3 0.198117155722625 0.9224255510572511 0.09681817757511454 0.1551488978854978
5 0.3397909174475402 0.8019487719629285 0.05892149747590775 0.09632511177945968
5 0.27773816467027024 0.9292540463083749 0.05132375515711812 0.08976524964558419
5 0.34647463695886305 0.8802121916774299 0.06576475500177542 0.11545392824993883
5 0.2708316541905293 0.757084946915121 0.060609902957596246 0.10306746150855295
0 0.43926020908452285 0.7061543118977062 0.050964196676919093 0.07390244808984625
0 0.5441941839098556 0.6397373966702214 0.06111071003858948 0.09669011590049403
6 0.6620446988924571 0.4422909983412065 0.07947337547542177 0.10259018718054114
6 0.6711348469724818 0.6002946150236341 0.06282586370032117 0.08956585176906551
6 0.6030411677764648 0.5251296448271224 0.050151874646510386 0.09147157251198568
6 0.6154549142210691 0.6015935260101992 0.05480126961327714 0.09817706827228945
1 0.5037347744186482 0.7331975470165841 0.07666499708721675 0.08829795503949867
1 0.407279523699644 0.7995141400858954 0.08324255398144209 0.09387974317134784