3 0.26021959038267417 0.2857852938771788 0.0872334018287571 0.11488964436489799
6 0.498658246442051 0.594315484116066 0.06864073345183519 0.12423834568853642
6 0.5077761665945075 0.40763141772399825 0.052593498717521114 0.10632498250164413
6 0.6992013138750374 0.599598712695181 0.04614763203895755 0.10615516866819052
6 0.5892264797801515 0.6661141290735076 0.055952189450457324 0.1118791223640403
6 0.35228802122097 0.4210249078834068 0.08801801557458572 0.05697536485553145
0 0.6460550341119368 0.6298988979276081 0.04365077059548117 0.06892343020016245
0 0.5979380797618443 0.42257720353383765 0.043118476612599044 0.05032684761388362
4 0.2718441555601442 0.18005847546013198 0.054151746007351786 0.06810727923579107
4 0.6013842295697606 0.3767571491397935 0.04600301380359917 0.0569612911363242
4 0.5095433686415615 0.31858827787101374 0.03980811346870444 0.06117010972220743
0 0.41997106541647367 0.4632540171806505 0.0555747572342829 0.06486554214945284
6 0.6505031212042206 0.4381725476666889 0.04600301380359917 0.05696129113632403
4 0.647381722581975 0.39163307625638144 0.041928279366484134 0.05138828738294304
4 0.6982864021459958 0.5323475394862619 0.03500752247550676 0.05229875780223847