3 0.1607417190876434 0.3475486316614749 0.10169160848778261 0.11641886326349438
6 0.4382433486006293 0.21024226938150303 0.08282290824705846 0.1130344303187012
6 0.4323976440935442 0.37613450400002535 0.06438308843888968 0.09365849423191236
6 0.6505627672878586 0.3139541432564149 0.0575587056085769 0.09032498128360239
6 0.5398853912105042 0.1972285086553501 0.06839220068313445 0.0988569292990793
6 0.26922906111373224 0.28064233330779653 0.09771855085000877 0.08013367692592416
0 0.5969240840329078 0.259135448818334 0.05183356267658268 0.0654960334878063
0 0.5288963711734103 0.4119231863976685 0.04972921599989577 0.05345217955530579
4 0.1642570471949632 0.4449881377515836 0.0628605691641885 0.07023458543076433
4 0.5287381344373665 0.45329234764140536 0.05332694172263641 0.05909748493545147
4 0.42688164153180885 0.4538666792563267 0.04713077389672543 0.05866261786388682
0 0.34424024035925316 0.2807700772446018 0.06409524196207567 0.06889372686782885
6 0.585726436858929 0.4268543232326957 0.0533269417226363 0.05909748493545147
4 0.578569684903226 0.4652981785451755 0.04855973803712699 0.05352874420134074
4 0.6440199168389209 0.371448036744464 0.04132318875584351 0.05064172059310118