3 0.26027381685240836 0.5973735913702448 0.1118686338098247 0.10946260510752581
2 0.30236063533159585 0.7389182353528052 0.13173170552168598 0.14349307780448295
0 0.42992670618369316 0.7545296307808057 0.0769543594045683 0.07818330348380331
0 0.5648996373314529 0.552950400249272 0.08749713395650116 0.07104741769210488
0 0.48371862135462784 0.42525787840815676 0.06453167752405503 0.06342682503894553
0 0.9160324840996659 0.6428011927740114 0.08354032777954701 0.06586124660800197
1 0.6125288486747478 0.704018553490608 0.05778511845333345 0.0882987956091732
1 0.3477787785059795 0.4460975213150833 0.05514116751164605 0.0743582079028533
1 0.21519925164071696 0.4503553846669035 0.050996560764712234 0.07902192676656322
5 0.5417422144607545 0.7953910680781978 0.09050490629271674 0.0940364389805981
5 0.5006802404686348 0.6426724742406595 0.08709885914839843 0.08804866020972335
5 0.8731824849392449 0.51038545240944 0.10550491941840001 0.08588509593572213
1 0.3772047878988348 0.5808664834499512 0.07295304593235497 0.12779532461955645