3 0.12403686312941906 0.5268905248438428 0.10964185320466774 0.0951700517009581
2 0.07610218413794656 0.39500560831812925 0.12985461724105202 0.12608112176640118
0 0.17359381189227213 0.3520701183455791 0.075569792844869 0.06823652360473437
0 0.40482654666467094 0.49487775154889124 0.08501176822828593 0.060449206414980416
0 0.41193921846453496 0.6238359777533755 0.06326160514711343 0.05517085129748933
0 0.6456471374899726 0.33623439952315626 0.0810666183737615 0.05582095171120932
1 0.3559331238039781 0.35349322425959484 0.05825609638843143 0.07965042348966661
1 0.2860398065141506 0.6372450941830965 0.055085163623467215 0.06650011810252532
1 0.17268787250639722 0.6641896094670163 0.05146818191075367 0.07134586282284938
5 0.2430877628942039 0.2909793343704072 0.08898304022053433 0.08225503174298018
5 0.2984413808830638 0.4322716187300132 0.08550925107767104 0.07680822886361155
5 0.6875826390480102 0.4604165632466508 0.10251903745729496 0.07309708178089824
1 0.2314983732607187 0.5141321898410345 0.07438076132554394 0.11622646746422405