3 0.12692428362854213 0.3665647842906132 0.07037141985605332 0.13214358590609465
5 0.24476819863976074 0.43921922451227835 0.04437910215570004 0.069118918625316
5 0.18927991695802546 0.350205987955383 0.038122729295767155 0.06579651156670407
5 0.24600038716357842 0.37288271938922546 0.049237583375496885 0.08494735466081316
5 0.19323751448532253 0.4933696517542773 0.04485777106349437 0.07395916444521189
0 0.32793317221492885 0.492594901414984 0.03932913864904175 0.051354235377030544
0 0.41432010498384997 0.5205794770566354 0.04702144461363905 0.06919663547118049
6 0.5167005054517465 0.6526255016525819 0.062095735416391074 0.06843667693716937
6 0.517994721251029 0.5210126340548901 0.0489937094956408 0.0624986037085104
6 0.46617168060042813 0.5996641280094883 0.03762985749694353 0.0674712728680158
6 0.4730243705148004 0.5339686901420505 0.04143529656708039 0.07265146586940197
1 0.37793207169319415 0.45393370745114114 0.06094691531394103 0.05681993808458957
1 0.2981372546401639 0.42394694194532406 0.06583380231579616 0.05961835987767161