3 0.4233643416069416 0.4135339307359962 0.10951777950097219 0.11231436293471131
2 0.36589031780403436 0.27309963647807123 0.13112597317654096 0.1465757176474454
0 0.4517063086102664 0.21204729123008476 0.07576454773767022 0.08009059043486774
0 0.6796795957071208 0.3397992074182524 0.08349986299883483 0.07355285969236514
0 0.6991326622842715 0.48250748409747457 0.06321752538115577 0.06506652521527062
0 0.8864075720033318 0.13040409009356863 0.07943143783630935 0.06829063168327734
1 0.6203707292846099 0.18891136430980868 0.06127626627105898 0.0891724629712971
1 0.5841126576660722 0.5145159437385702 0.05700558936436084 0.07537876878167615
1 0.48204114080654376 0.5599030405638007 0.054240030463282296 0.07977226182116248
5 0.5098329735813554 0.13456399984331835 0.08941470383102285 0.09624019545108449
5 0.5751032921513843 0.28447320705568035 0.08568683422642631 0.090215701562424
5 0.9375677221495132 0.26307009617891775 0.10071688798780443 0.08890211719857041
1 0.5214085976971926 0.384750303291195 0.07977863838884014 0.12859030233137764