0 0.6921117695583223 0.3097645464442093 0.06482096032882467 0.08574977913338855
0 0.3256382093611395 0.33952413185710995 0.062328839413461734 0.07970527240331282
0 0.29967770868062527 0.5099165551422665 0.07478157612754466 0.06856299331852583
4 0.27836407708178446 0.586682970513486 0.09181274737189488 0.0771075145242398
4 0.3846268623469172 0.5693223314034758 0.08641851795497779 0.0811872351135734
4 0.5582227367841426 0.5408940547221674 0.07026616534796082 0.07688435082676992
6 0.6118618431768972 0.2534077209071068 0.0468433064056446 0.10262202839395307
6 0.5911918512774508 0.42342278993985527 0.04612271684472902 0.11486075908033844
6 0.4122607603918175 0.47227315636489386 0.03964145362145277 0.08412770268113307
6 0.23138086547352205 0.40923832985925485 0.037232776068471835 0.08373505949769677
4 0.2156766129451545 0.47249967480683885 0.08207124662720258 0.07765715046992289
6 0.4489668210676214 0.274574193076511 0.03595666279616905 0.06778207474956494