0 0.5433193748521841 0.7892387128630287 0.08407479930768336 0.10318921359972144
0 0.1520480389589679 0.5750557651254753 0.0807122698161805 0.09978233266698322
0 0.24028605268165326 0.4283221129038751 0.09158593221890685 0.0989260400843926
4 0.2692988009865641 0.3553074494409539 0.11124697123040483 0.1158475552793159
4 0.38145208028177946 0.4316774351785686 0.10543637067590411 0.11448633705112526
4 0.5562988314631736 0.5507925210733082 0.0874032702564731 0.10016169563786603
6 0.41922433323147085 0.7898383639179185 0.07274118522509065 0.10762527556613322
6 0.5117381567285352 0.6553826195252994 0.07725233305322221 0.1194215812692937
6 0.3453957412770903 0.5218764583671938 0.060815596769887015 0.09116194450573256
6 0.08723257503789181 0.46718499300720073 0.05605975644741282 0.0890080791528402
4 0.11266002803205372 0.4081176853112388 0.1019113171181827 0.11184080028322041
6 0.2511963422591295 0.6909593999195555 0.05179945263702265 0.0740446908287411