2 0.6121886398852532 0.6292509238679516 0.08814980334755063 0.13552013730164114
3 0.5979179840208306 0.7442348754764931 0.07249895942145435 0.11454047056808259
4 0.6147917540011781 0.8724352236921429 0.06751363686414469 0.06893679279790854
4 0.468597454068415 0.8531102531894585 0.0678010913060732 0.052266749695689896
4 0.24758030298888517 0.8108281492984756 0.07695696343105429 0.08278549033359317
4 0.17604036449981408 0.8133927570646431 0.07312173111030132 0.06762919833356162
4 0.31282893307426496 0.8491622165420654 0.0573757967194492 0.07379118901586057
4 0.33752534711869503 0.7935949628055017 0.05850200787205728 0.062459210275035426
6 0.16803501220251896 0.7323811925891157 0.06478229413419023 0.13017541196929783
6 0.3912072259206969 0.5686967827862895 0.04282857953501146 0.09682948590825569
6 0.26126139703833273 0.514037576877068 0.04474567978345839 0.07203145224213181
6 0.29626636760015024 0.7460703686208185 0.04774189735424267 0.08184803765207838
0 0.5414168770614268 0.6736985979612535 0.04242125755001447 0.06648558901420654
0 0.3421007583450093 0.6145961299261334 0.053277619376088714 0.08470828466793101
6 0.4548163489015038 0.7885268977444293 0.05850290586642065 0.09483544317619375
4 0.3853622011081979 0.8159252166106014 0.05672914594665335 0.07892309673941411
1 0.33152026058883016 0.7045070457340787 0.05291945486908067 0.1379225086215451
5 0.2879133764315285 0.6744102977870909 0.04690301162391863 0.07650915217633913
5 0.27884109941665974 0.5796730286116496 0.05411637127691726 0.057671043712549275