2 0.6772599425622597 0.48449055991044654 0.10122439599897226 0.1552070397793261
3 0.6298121269729304 0.35319803055545007 0.08180710293965221 0.12922111529373814
4 0.6232604187729709 0.22318172143067055 0.08161842698727428 0.08281349845832334
4 0.4294255913938904 0.18634232022814673 0.08250063713236688 0.06545286174485673
4 0.15059401494382946 0.14606499870265788 0.08742362663382396 0.09419345683849119
4 0.060242605919739206 0.11718621883726513 0.08331240277406438 0.0783986724577861
4 0.22650336284025102 0.131530004531345 0.0641585600531461 0.0820166182336021
4 0.26924334824123763 0.19748369825870438 0.0675863527949094 0.07204726900278266
6 0.06454609213985434 0.1956811421431386 0.06651002692385252 0.13589014729684737
6 0.38621994027368023 0.45520060199169426 0.04375840129536657 0.10444242454092556
6 0.22494103328817058 0.45869272607057776 0.04925634900549564 0.07930909504200806
6 0.22510844614922698 0.23048756221246341 0.051175085691936656 0.08808969500692279
0 0.5678539322187109 0.4056130060331591 0.04790432466433914 0.07500102323225677
0 0.31117479298548156 0.38575802414866756 0.05885926585768925 0.09352327561651819
6 0.4247189681745217 0.24826429087699714 0.06431770225832406 0.10436315082389247
4 0.3271191887495575 0.1928349410640318 0.0634802019569441 0.08769355910702764
1 0.279051848525087 0.2873517003003674 0.051024179458954266 0.14392489441579462
5 0.2282471577302318 0.30123268037605433 0.05100197360732381 0.08324353291767633
5 0.23504683396836037 0.39659049798527657 0.06306869674704602 0.06678306345281493