0 0.4779543721973425 0.49823621389014827 0.07129456411275786 0.09770913980767992
0 0.8407814400022533 0.7137301134446499 0.08478501981272135 0.09395076454446383
0 0.794019616802647 0.31317104077837477 0.06993936118746602 0.08852795776796801
0 0.9180789645220819 0.39212534274085314 0.04546803682319123 0.0590175263214473
1 0.729273639372015 0.6171152087664642 0.06499763002168812 0.09889724811566714
1 0.7550929281816537 0.6582791355174437 0.07866515161743548 0.12086876778574696
1 0.9661697021581732 0.42131914827678674 0.058644563264613425 0.08535013317397627
6 0.8320048382041754 0.35943152427178493 0.09892769879875474 0.13872249742668058
6 0.5746121857259148 0.45917333703600927 0.09086200851852733 0.1312423942494687
4 0.7124448129406963 0.7485457979087955 0.05830025694722951 0.06902379725576158
4 0.7874607109012874 0.8004145951237467 0.07802004562282228 0.08881836121744247
4 0.3372289930086044 0.6114698153323379 0.0735687041237652 0.08236536615243717