2 0.5879793286801389 0.4742285066388081 0.11954125859007314 0.17683040903727348
3 0.5989332798261671 0.6164239306531148 0.09839090691796926 0.14658732132762275
4 0.6402036207503146 0.744597447151343 0.07949913656651308 0.10178490902576698
4 0.5053132463479673 0.8534841223567675 0.07559949116416054 0.08825420645625259
4 0.29424892519940166 0.9727711123196539 0.09387394375525229 0.054457775360692406
4 0.3627840199966345 0.9696987320501244 0.07299828501012673 0.060602535899751286
4 0.3733421671296732 0.9053229695694999 0.07101379205255853 0.09238728697569143
6 0.2025996342940346 0.9563242950051574 0.09679663041119516 0.08735140998968527
6 0.3736674785565988 0.6022009811006135 0.06796238536926402 0.11490382592802773
6 0.2405187565362577 0.6571891056641099 0.06279642319583004 0.09480943184801471
6 0.32496062439822343 0.8893951224296939 0.0671229238741875 0.10311931823624176
0 0.5334581002979684 0.5872841398040103 0.057818243795415336 0.08605277196100858
0 0.33835010470432475 0.6988467591772132 0.0736992004718603 0.11051104448376636
6 0.47922305871200244 0.7936170989363386 0.08010854292895697 0.12043179932555481
4 0.421919689035128 0.8869223807946327 0.07388111338689601 0.10529085491646994
1 0.348315693261281 0.8102438942620416 0.08829336777470259 0.15645860070587447
5 0.301371479722835 0.8160192283454885 0.06521656464132064 0.09859793726233645
5 0.2717717221255965 0.7164703281685254 0.06688952203254936 0.0874523197529622