3 0.34757610167629255 0.5127534134233829 0.07610616036893958 0.14290104644053703
5 0.4675132396096929 0.5002727331301663 0.04754736558546091 0.07316215232538475
5 0.39612118413996955 0.5696293917261233 0.04107970962205282 0.07064994364283306
5 0.45085717064404895 0.5783163512712517 0.053508714540493996 0.09172090412987965
5 0.43756082454361694 0.40630794557249544 0.048089241095740975 0.07890295059392582
0 0.5543331454748937 0.48891299703609004 0.041827368315734414 0.052904989671375136
0 0.6385538023332364 0.5093409912229946 0.05139365028843523 0.07375593427996968
6 0.7672060193997937 0.41604733434299823 0.06715498080088622 0.06945085414825797
6 0.7324197989829198 0.5739669558445264 0.053619923387519974 0.06527489214018511
6 0.7066830895181986 0.4478393856749643 0.042543030805000326 0.0750069050431651
6 0.6950359211832967 0.5301234896734506 0.04671452244177021 0.08034197847996388
1 0.5881328061819711 0.5653978748381552 0.06333014350490329 0.05334963763359901
1 0.5098412090546222 0.5509769166188295 0.06731129332412539 0.05489971499051771