0 0.4231511414058398 0.22754047434789587 0.05498118236714389 0.0975018154782078
0 0.772941319594222 0.5162673748746136 0.05690907320981431 0.09813147769974162
0 0.784626265700929 0.35609958215965143 0.06926320017696441 0.09254412622032665
4 0.7994462936501483 0.29402495249575034 0.0851130037824811 0.10637051527910035
4 0.6959309146720476 0.22128892600432887 0.07740956215849903 0.10450043397272077
4 0.5341589687348852 0.10761797899563902 0.059935456351977834 0.09037016887597958
6 0.4991082668466077 0.35213567057555717 0.03866935900611934 0.10474062493134434
6 0.509811092855979 0.19707789325988878 0.036595682539311614 0.11053837402519862
6 0.676022674279176 0.297407416550287 0.032464496244344 0.08541454886234306
6 0.8640657067721513 0.5273780848026437 0.030766247097373522 0.08785009804166577
4 0.8743412342089776 0.4723626696368412 0.07795858030153757 0.10675007570531203
6 0.6541073335579197 0.47372358721580204 0.030738948975042812 0.0733846016617069