3 0.168951 0.543563 0.096252 0.13003900000000002
2 0.16797800000000002 0.349805 0.10791900000000001 0.17425199999999996
0 0.30312000000000006 0.30038999999999993 0.06514000000000003 0.09362799999999999
0 0.518959 0.53186 0.08069600000000005 0.08062400000000003
0 0.472291 0.716515 0.05541799999999997 0.07542300000000002
0 0.875286 0.33485 0.07777999999999996 0.07412200000000002
1 0.5209030000000001 0.32444700000000004 0.03791800000000001 0.11313400000000001
1 0.31576000000000004 0.720416 0.03986200000000001 0.09362800000000004
1 0.16846499999999998 0.7451240000000001 0.033056 0.10143000000000002
5 0.412498 0.221717 0.07583499999999999 0.11313399999999998
5 0.418331 0.429779 0.07389099999999998 0.10533199999999998
5 0.87237 0.516905 0.09722399999999998 0.09752899999999998
1 0.30311999999999995 0.538362 0.04180699999999998 0.16645