3 0.35750296438394547 0.8374624675373662 0.10696288903055684 0.1349898010525037
2 0.305478617344373 0.7061045792127179 0.12745954215101557 0.17070938788530532
0 0.3942460178316993 0.6071754408740224 0.07387703192956196 0.09518155453005717
0 0.618184954928384 0.660355988466202 0.08215827221059935 0.0938515144240929
0 0.6318954263866218 0.808543301873577 0.06173097059123256 0.0780970967024115
0 0.8345752643753952 0.35411755521373667 0.0782394678525572 0.08801853684941269
1 0.5647442633426811 0.5182979169789679 0.058525019792052935 0.09529770886850997
1 0.5149600892647901 0.8868422510481699 0.05482652393679838 0.0829657671508276
1 0.410493338405742 0.9661709471515694 0.051762573952644 0.06765810569686126
5 0.45585154850901893 0.5007905415752182 0.0871007817811984 0.11362138993735454
5 0.5153250985630632 0.6395318815347332 0.08357038312476867 0.10737365132593335
5 0.88057072186149 0.47939240406478734 0.0990894741041598 0.11334053646107828
1 0.4572412750726019 0.7690856388847682 0.07556958194384317 0.13345197111301643