3 0.21588845550483826 0.7121731001426115 0.10405002147063744 0.13581332129305557
6 0.49055391599141374 0.8576779556747567 0.07989687910230198 0.13082182226480255
6 0.5014372209297888 0.6687325632368448 0.059647201640711356 0.10527265398367691
6 0.7146371316214856 0.7297551427040226 0.05191792343310442 0.1010695941032349
6 0.5933314619369026 0.8672448004433411 0.06417858742998539 0.11343616733355055
6 0.32225486466313713 0.7846374953790798 0.1041409998741804 0.09568625550378929
0 0.6565258358802383 0.7937163664830342 0.049417271665133766 0.07470344019799546
0 0.6021218594501234 0.6251627701757837 0.04813570198341666 0.06008590672604619
4 0.23185405378824325 0.6001825356587219 0.06370462889896641 0.08105472773210187
4 0.6057365630246235 0.5793997595126933 0.051096871586958637 0.06588996980763029
4 0.5036161965519115 0.5819010888678545 0.04466066313781669 0.06547616280344326
0 0.4007769484091167 0.7808606171069405 0.06496699494965463 0.08035360093126898
6 0.6599538403540133 0.6067654664464625 0.051001059502996715 0.06600345605687274
4 0.6561999632824854 0.5646903951396833 0.04628783321740704 0.05943129966407468
4 0.7128630914374472 0.6659630703179356 0.038941634797650226 0.05670218688036488