3 0.26133487845345743 0.5572584672321008 0.09006001876800171 0.13230384347298296
2 0.29117891674411067 0.3935198374915241 0.10546188608014403 0.17234996506847056
0 0.39663271896358904 0.38350148259555383 0.06183584874717807 0.09428309795435591
0 0.5161205755475621 0.6294377751151501 0.07102755497960916 0.0869560724795877
0 0.4532829130692203 0.7743255847779356 0.05193990538510879 0.0766408614663402
0 0.8046876735166977 0.5467196969317181 0.06789516404399543 0.08078547420858107
1 0.5502254439862666 0.45485967877765887 0.045238544413165216 0.10436213920047827
1 0.3395474754511687 0.7409207053427508 0.04356817031608268 0.08835696104404067
1 0.22920626989248388 0.7272399281619324 0.039879706822949224 0.09334540557605886
5 0.48808033685700614 0.34275250759976095 0.07264006205980844 0.11325134456595126
5 0.4594933620281438 0.5197015171939701 0.07000515399379614 0.10621156298332546
5 0.7738782209296358 0.6996705456183283 0.08563704403140038 0.10509683998206931
1 0.35911489975617894 0.5843237749283658 0.056454623019016215 0.15026673253002876