0 0.6893523094638756 0.23902468385575054 0.048317834828514816 0.07991161846016182
0 0.3390049035511412 0.26533108205209377 0.049847525888748745 0.0791470735840279
0 0.3570988109660399 0.4322383341246279 0.06327016929208867 0.06473954311514452
4 0.3553276613321573 0.5058848052254243 0.07842947394846805 0.07093212793791231
4 0.4564449484708352 0.48591267990276066 0.07072864413078139 0.07367618684443028
4 0.6148347849356894 0.45462839851797765 0.0540396100895808 0.06824731943500523
6 0.6023008053024322 0.18400834755755996 0.030404911320499384 0.09876319886625931
6 0.6201455262505875 0.3455354365612338 0.02764368677928719 0.10674716536754436
6 0.4601580206188038 0.39396619477560224 0.025607978771403528 0.0796903579155861
6 0.2593140614366409 0.33482221375103366 0.023437203725716976 0.08352668254711415
4 0.26023013927593874 0.3976210926636052 0.0708283263823963 0.07582841756453274
6 0.4480772912056523 0.20198180976720137 0.025009961910889722 0.06677862852055441