3 0.18534728907658216 0.5257369166756196 0.06954728632168908 0.12224865866646223
6 0.366178809679921 0.7472298419513279 0.04718691640827538 0.12467667229535873
6 0.4241966541111808 0.5609467756908268 0.03367556821242079 0.10489999176440123
6 0.5837217013334297 0.6840852532499583 0.026683292216960308 0.102870394803251
6 0.4465528819561331 0.7868212611769998 0.036101446195433484 0.1105586283086546
6 0.2510248890991395 0.6270661590718676 0.08330395568756455 0.07372497804430178
0 0.5179084557716098 0.7319239957627663 0.03225383496295142 0.0707972093141539
0 0.5187649953668367 0.544891993385011 0.03581585560352163 0.05498645891270382
4 0.22525737065307613 0.4180359220590826 0.04388839716252069 0.07318369470887909
4 0.5343238415195335 0.4987586952550826 0.03748395636687474 0.06141573511802789
4 0.44905140051010484 0.47297456438700924 0.029790012884108263 0.06314560876156133
0 0.31403179855232266 0.6454410156350688 0.04616251335048338 0.07087124144969059
6 0.5721271617869708 0.5422844801356269 0.03748395636687485 0.06141573511802778
4 0.5807024152038402 0.4976829614761811 0.034281336410423635 0.055531639345633044
4 0.6000380487604611 0.6184093992809419 0.026530484078047367 0.054272450091615076