6 0.12033580425092286 0.33273678411503754 0.042901805444378646 0.04104984126106159
6 0.22229779016858076 0.36093506326270763 0.04426261257858491 0.04695947236286507
6 0.31112750625292024 0.3944012653071483 0.051191151294077586 0.0478881991480653
6 0.3919584663164521 0.423878585570168 0.04680487583667248 0.04209389471550645
6 0.4785022235237276 0.449801099626286 0.0407609121297719 0.03493225138244044
6 0.5441601181955557 0.47568236253408114 0.04504277307535953 0.047168161722730806
6 0.6128917868338186 0.5019231777538335 0.035981069954231004 0.03272975060572614
6 0.6786497792618678 0.5250580502882547 0.03753434369190867 0.04053869541396482
6 0.7729435683851495 0.5599851561421956 0.039006538277429836 0.03261442393648173
6 0.41600369457887887 0.5818781003082547 0.0567590315081124 0.04290875599755817
6 0.5105944391338241 0.6122636445439475 0.04221833055045082 0.041791640446647516
6 0.22836426138862048 0.44296257551748447 0.057153354195721845 0.03931715456008544
6 0.32363931112334143 0.47260725336901127 0.052559005684155224 0.04640626416136162
6 0.4048120457920243 0.5017140393307622 0.03773544380657312 0.03504757805168507
6 0.4718852702113183 0.5265873134316355 0.04446288240740143 0.041467422199165105
6 0.5409147245670927 0.5482874998345595 0.044366271120928835 0.04051766423676151
6 0.6084753964907201 0.5742150787961412 0.03724443551611667 0.03768869094370597
6 0.6775495957036077 0.6000855619329967 0.042901805444378494 0.04104984126106159
6 0.7678954952611081 0.6297975870155135 0.03470990116700001 0.035162174137881586
6 0.28960925218709843 0.5374395911318097 0.05158479232858776 0.0442971260752687
6 0.5812332760958573 0.6348562908661769 0.05470694625463324 0.045132287951475725
6 0.6600569700793979 0.6707281704000934 0.04183173677181218 0.03799114743093701
6 0.7370772285978862 0.7038071412884775 0.044857279411385176 0.03787655134474055
6 0.8028765537296744 0.7348091894756557 0.03987633712117988 0.04116516793030611
6 0.8061170704858583 0.8114597760176052 0.053138822035739164 0.05210627310187943
6 0.7307061945736291 0.7792732650485265 0.03519310623211136 0.039912425115995465
6 0.6630410338218098 0.7597865614116281 0.03919203194140419 0.04190603431447204
6 0.5919681277237493 0.7329194758939064 0.04221833055045088 0.041791640446647293
6 0.5154225150755536 0.7119819176353996 0.044857279411385176 0.03787655134474055
6 0.4363017913439755 0.6806508691366833 0.045243798873649654 0.041676313777402885
6 0.36712393358874384 0.6612221941259313 0.04309510233369801 0.042950087768916845
6 0.2900440054155514 0.6387551258792101 0.04075386487390065 0.0423238174709476
6 0.20530641417360296 0.6119291699144751 0.04202503366113147 0.03989139393879226
6 0.13003272628211174 0.5885593903421849 0.040753864873900605 0.0423238174709476
6 0.14152591498606468 0.7090064913599776 0.031550317369550995 0.07128496663214223
6 0.20421710638717583 0.7243895149108864 0.031074085243936844 0.059142418982472966
6 0.29519900548121547 0.7528857946280356 0.03545263179237118 0.07232881786821477
6 0.2485171488371642 0.7343910329032839 0.029319785707968893 0.05682532211956215
6 0.3628084712877143 0.730768637596285 0.026599001725404137 0.045006992717375405
6 0.4062495906657855 0.7696522449465274 0.030397657605880368 0.05249265207955167
6 0.44644197613906716 0.7877969751825374 0.035475211182558364 0.05015379345638937
6 0.49225403393936845 0.7977409929134646 0.03829260645159571 0.06292188082097994
6 0.5356695013807646 0.8139754274537278 0.03010070217421701 0.05703421369779993
6 0.6114335159096129 0.8347046224986732 0.029617497109105773 0.05228396271968594
6 0.5753296201762252 0.8268948255120502 0.030784177068144958 0.05629241451221412
6 0.6546996753493296 0.8532089050466404 0.038672152974362994 0.07411393992519755
6 0.7063071213844787 0.8753317372931316 0.035355946189524534 0.07137832932276322
6 0.754264389254983 0.8876981293683226 0.035846954479980764 0.06873721643074215
6 0.8106146615175303 0.9004610712044134 0.03907352291784383 0.06313077239921772
6 0.15140108757256573 0.8359515635271801 0.030873815415120354 0.06463446914617299
6 0.19570113002255413 0.8459530815195777 0.028732847784139454 0.05851614868450383
6 0.23712766833492388 0.8501029970363179 0.026494587213586634 0.05144859862510687
6 0.277855125302676 0.8697774394789144 0.027750905519601077 0.06379910505159381
6 0.32337371414106253 0.8805668704923122 0.033519811531926014 0.053327813955758585
6 0.36255918706623025 0.8813448559207573 0.02873284778413937 0.0585161486845035
6 0.42729473481184976 0.9018964419709317 0.03236010451238408 0.041927065491675575
6 0.49604905715667413 0.9059629633619067 0.041437414084202595 0.041582748868409514
6 0.5554809066110015 0.9116940936398199 0.0332376322651049 0.04308571503231662
6 0.6105074620038595 0.9301105261442699 0.03381752293306284 0.048786454555882375
6 0.6609068953762303 0.9403577309454763 0.027863123256763767 0.049966135273727175
6 0.7090090801764436 0.9541487599642725 0.04016624529697177 0.04401517240056507
6 0.7600701650220286 0.9825190088879427 0.04143741408420265 0.03496198222411462
6 0.8312140304698867 0.9835734467533603 0.0435783073988093 0.032853106493279216
6 0.2013481370756235 0.5207616408168474 0.03861221558982028 0.03620602537395434
6 0.11919770258162447 0.4932418651047812 0.04426965983445627 0.03956790627435797
6 0.15918640363338893 0.42353390050673256 0.03295552731465792 0.03284434669192282
6 0.10522567447387529 0.41187210794981266 0.030613533885386887 0.03221787417558153