0 0.7103423442146054 0.7853623489237096 0.02869646889296784 0.031997673046526676
0 0.6909410037799317 0.7005777282055017 0.040139631684932064 0.04459519747485985
0 0.07478655689576257 0.7149961576209323 0.04289313532095065 0.039169760131892106
0 0.711249114827008 0.6260873610640938 0.0358077565608943 0.04096493135659551
0 0.6642921556253953 0.6219628495992733 0.03823637492890153 0.04428928707034563
0 0.6198011142928102 0.6187243124656457 0.04785150731527521 0.05170348704688443
0 0.3341301902653883 0.5077684622159976 0.052481461713127064 0.03582063426914389
0 0.2538355520487696 0.5007307151930602 0.04892613155336337 0.03133667947302721
0 0.2032111414428251 0.4994403657419807 0.04381771146505117 0.028560102032614776
0 0.130539261539789 0.4804244306040816 0.03743454840515627 0.03437989493126098
0 0.06711824941566467 0.4614280091483538 0.03433038546222065 0.03779346958951496
0 0.01185853445848964 0.4428911658371505 0.02371706891697928 0.037793469589514905
0 0.035908649675974784 0.550304330231796 0.04514642403549937 0.0414881845032854
0 0.10437348391375849 0.5637538097467114 0.04401971224374293 0.04032858542091855
0 0.1601561874542891 0.5707635087674443 0.03951250746624643 0.03569238796029728
0 0.20642565608411922 0.5762441458103056 0.04522075329961203 0.03660987415149031
0 0.2545225277711409 0.5869087585871259 0.041064970046395866 0.03398566188675778
0 0.3028320286126417 0.5961409213237459 0.04669888661564886 0.03978145842974601
0 0.35398256304792597 0.6004498385952362 0.04159109387573562 0.03700422970716866
0 0.4006028258536375 0.6079431121161514 0.04419517676616569 0.04133529055661578
0 0.4517906597899423 0.6098136480050844 0.04972795807710839 0.0412460716121118
0 0.5164735718024677 0.6148309980232749 0.050254081906448256 0.04426463943252257
0 0.5691260686232285 0.6144910683741499 0.05025408190644831 0.04426463943252257
0 0.6373742894529291 0.6983248349387192 0.03866226058625866 0.041423735707779685
0 0.6639116437112966 0.7842571790726403 0.033028344017005606 0.035627939164791456
0 0.6216745184416593 0.7833364150282407 0.03052463416752249 0.037181771291661225
0 0.05384595457459173 0.637298765205897 0.03683333309434057 0.03623951495147015
0 0.12446383935494151 0.647182549909229 0.0341549209397979 0.03678676445381779
0 0.18274949052759204 0.6526382942919169 0.029998510338182738 0.03416320347125057
0 0.24328995484951776 0.6604127080683484 0.0402139609490447 0.03971688712306476
0 0.29997416768207247 0.6646333026998502 0.0325022201876658 0.03260937134438047
0 0.3455539939569944 0.6714704715805669 0.038587169104782604 0.04630192354839946
0 0.3969312553267376 0.6797283373460055 0.03563242690743562 0.039959000014238466
0 0.15742138643629602 0.7248551721752661 0.03485650929156048 0.04081203740992556
0 0.2315952287248086 0.7392222603925497 0.03633388039023397 0.04398349917700628
0 0.2798540945026722 0.7455115284887535 0.031651211090314824 0.03834059658068767
0 0.3319938030567098 0.7475343070421911 0.03633388039023394 0.04398349917700617
0 0.386511764653046 0.7499400942556433 0.03625955112612134 0.04886180952880126
0 0.5774331360266456 0.7762254988851749 0.027670130142158134 0.03672296694047705
0 0.591331547757558 0.6967931463898063 0.03460685037398925 0.04468441641936394
0 0.5488312931387688 0.6943627115385314 0.03383017054075088 0.04553733130387594
0 0.5023129278087307 0.6927545760162837 0.0350318389450191 0.041817968752282386
0 0.4508107021112376 0.6864321259622239 0.04239292039948084 0.04691362184625325
0 0.44359727185615483 0.7591154462122749 0.030699963820981113 0.03818770263401805
0 0.49263205524989356 0.7645516769127914 0.03277792288207115 0.039500195663054516
0 0.5395518498194501 0.7711153435535094 0.03217733491965458 0.041359164401098436
1 0.00031598398628903605 0.23365856687970746 0.0006319679725780721 0.032190368150879445
1 0.059149402842875495 0.2963250616035844 0.04962771990512585 0.035361952429135035
1 0.002797664647804267 0.2850529881800463 0.005595329295608534 0.02880144113044819
1 0.12777623117150114 0.30539919643788305 0.04832491624254763 0.03319629949323627
1 0.19705414765721632 0.3155564833812138 0.0479741220666664 0.031183663015182328
1 0.26472972871650824 0.324477724268843 0.046672215490415614 0.029018906383799004
1 0.3301520210612514 0.33108054078507876 0.044519164947849466 0.03258460119538242
1 0.38652273921894537 0.33085011755596944 0.047447998237326594 0.028165095194771506
1 0.4702344077049614 0.338925959063429 0.04572096822108185 0.028866012437129496
1 0.5261924408989506 0.34694158942651865 0.044519164947849355 0.03258460119538248
1 0.6031569514555379 0.3534440851249371 0.05248146171312695 0.035820634269143836
1 0.6256461017914805 0.3047333134403602 0.0433925880250573 0.03142577590635609
1 0.5654065587991622 0.2960287640127416 0.04469462947027214 0.033591306331079596
1 0.5083345220276342 0.2922354618724238 0.041915216926383836 0.028254314139275538
1 0.4376794726152281 0.28479083234498936 0.04607162752799898 0.03087787512184309
1 0.37636385289479035 0.27786957847542015 0.04191521692638378 0.028254314139275594
1 0.6528909330703881 0.2382043957778392 0.043567917678515755 0.03243170724871283
1 0.06780601648933313 0.24783611533466962 0.057488881412093344 0.03271297001540446
1 0.15204380880468893 0.25893052466253996 0.03828479528514414 0.028648547183778544
1 0.23601860663985685 0.2685160369768751 0.05886525212142102 0.030000190088332934
1 0.3122807666273185 0.2709931372080103 0.036031506570595395 0.026330122812385393
1 0.01447084384495034 0.1659137681258212 0.02894168768990068 0.05745948243218971
1 0.06641966712259374 0.1762164335114792 0.03230437908583462 0.05800660942336239
1 0.1229789156273986 0.18237244385435986 0.03350618235906695 0.05428802066510924
1 0.1800636606131442 0.19154767329981637 0.035408676897734415 0.05459380855844856
1 0.21583009286512156 0.19778603836502354 0.03273026474319177 0.0551410580607965
1 0.2557015384377137 0.20370494726120697 0.035158883111198996 0.05846541377454653
1 0.3025344303979042 0.20976577074192165 0.03628546003399141 0.05962423906357309
1 0.341704422487698 0.21166018047533747 0.03230437908583461 0.05800660942336236
1 0.40841542071503956 0.21504725139332342 0.03999021093934357 0.05435169566727491
1 0.46772830772482704 0.21577859818657652 0.0411920142125759 0.05063310690902176
1 0.5244735142588779 0.20973960644330975 0.03420763584186537 0.05831251982787691
1 0.5714943092177802 0.2221875147781796 0.03515888311119908 0.05846541377454653
1 0.6076106385593112 0.23043762001692525 0.03558400655119298 0.05559973990080547