3 0.48230708312779774 0.41969306468601963 0.08216361179106169 0.11903849796687277
2 0.4939655387347849 0.2555297720278955 0.09394439275344557 0.15758560169242258
0 0.6008012412713102 0.2012813467845474 0.055965413061617175 0.08532709713051964
0 0.7515593920965407 0.3777648311406133 0.06706640133003627 0.07572592218689894
0 0.7039367004588496 0.538567994707422 0.047341805734988585 0.06900532571248419
1 0.7663298053405834 0.20175918767868117 0.036331313486496986 0.09937331138217245
1 0.5836066891554508 0.5561893252278244 0.036573798636145294 0.0830154853805225
1 0.46902981115892406 0.5906045280177422 0.03185218808182022 0.08900699414471802
5 0.6897456733681699 0.12458642440501508 0.06541873512470497 0.10284072900716833
5 0.6808997109823036 0.300431049498883 0.06342792277283149 0.0960490539793255
5 0.9916082563211466 0.3327686204384166 0.01678348735770674 0.09156805153525188
1 0.5855656721718548 0.40301465054134 0.042728122910723254 0.14492591880106898