0 0.4931127711596659 0.6853587500550149 0.0497169327311095 0.11780598634273065
0 0.13745554696943704 0.9132432452415885 0.06910604199936926 0.10129037155857357
0 0.29011927916966446 0.45873696132987574 0.047739004818939446 0.09005251101337425
0 0.17665815236091312 0.5401223140232589 0.028499536978329965 0.05836726848757945
1 0.25321663622732443 0.8085201301839605 0.03357201739604096 0.11299100458933675
1 0.22069449541512562 0.8559003184034574 0.03889920709479672 0.13809501615765973
1 0.13380578612181196 0.5698707916692842 0.028923280056226575 0.08383330478056183
6 0.2491933934341092 0.5081286458761385 0.056718753323158067 0.14158526603053695
6 0.4226743777621748 0.6325815277587608 0.057063039900117296 0.1530391650250581
4 0.22679376367944842 0.9658404305643614 0.0462779812967542 0.06831913887127716
4 0.15118135538812458 0.9884243741149135 0.06335247425563507 0.023151251770173076
4 0.58825266256494 0.8397696975872209 0.06813547481747484 0.10323041067669447