5 0.19515388276517148 0.2666225492730439 0.03493541644262324 0.04993151485994332
5 0.1718797425884407 0.3482639735783966 0.04029145861292102 0.04913445195390587
5 0.22975881050775782 0.3384120125042924 0.03766118459194953 0.04770572893753838
5 0.2491539946255709 0.25844156362772625 0.03730074004656375 0.049472665959100964
5 0.31107435238801423 0.25010095233678586 0.03453909481376993 0.04710002327543353
5 0.3490840434838896 0.24548142840956289 0.03187314392232854 0.04107430206046245
5 0.4069264649531107 0.240228045203646 0.04074749739316036 0.043713721197305294
5 0.462866054842969 0.23121157184393504 0.03548781882434471 0.04085713963041945
5 0.5221024731189876 0.2311962536728691 0.043545688969551355 0.050684226545425454
5 0.598494035419767 0.23014811253716594 0.052120853779640375 0.04683865888695016
5 0.6592790937611033 0.22340540589624797 0.02986759560364438 0.03976677988136182
5 0.7009998233604768 0.22265668887199125 0.034959456723539506 0.0370822943202293
5 0.7453018758134524 0.21865257585702025 0.03147682229347526 0.03824281047595263
5 0.7825368121401053 0.21739717839764797 0.03509149719549132 0.03802564804590963
5 0.8329763824786638 0.22597536020710068 0.036604360283840065 0.0401553231134236
5 0.8160606739482588 0.30776016095999803 0.04199694879773508 0.04395612287183903
5 0.7520392737387764 0.31375378549126653 0.03647231981188814 0.03921196938774335
5 0.6890381514938064 0.31679486686287317 0.034238367419770266 0.040614737955885716
5 0.6385449156897949 0.3151132551569274 0.03343439015682581 0.0652494889382157
5 0.6032011754853608 0.3137070578691792 0.03273734113397275 0.055932712034158005
5 0.542337742137526 0.31449654813227046 0.04364195246453473 0.04702986686876781
5 0.4745213446468356 0.3193902569264492 0.040784043736757536 0.0483115838617581
5 0.2946993106756879 0.334536158622027 0.031812557297815236 0.04932565993572369
5 0.33022327315281474 0.3368258244205564 0.030563875259869033 0.049083407523304756
5 0.3761284005031894 0.31919760357011157 0.03415460998746789 0.061716180836710044
5 0.4188522889452193 0.31779505082524717 0.0372409227886788 0.057724173096477094
5 0.12598003367887092 0.28555123400715077 0.028450226643650267 0.03398259587507524
5 0.10908288289707976 0.36503774400049865 0.028353963148667075 0.037636955551732854
3 0.7874311248463582 0.48409427522562143 0.03368596503804877 0.04968911318540953
3 0.7369253841120758 0.4759888430846103 0.047820866550823626 0.05518597835498734
3 0.6744830173866665 0.4793800428799231 0.04545564305338212 0.05564554245956427
3 0.6060053478500917 0.4889928151758215 0.048049270624257456 0.052475687607744514
3 0.5360032798745231 0.4943098624345852 0.04852975237622814 0.08195040440483142
3 0.4709242859903032 0.5078540420520832 0.037673021394500905 0.06515337808332472
3 0.4267722626042626 0.5086152294364703 0.04092802111775973 0.06670330193695928
3 0.38626443806586647 0.5137194074506461 0.03557197894746189 0.06750036484299671
3 0.3383834876878434 0.5129086446332363 0.03984725663523303 0.07200283185629297
3 0.2957443273901516 0.5115401569501095 0.03784170831654876 0.07069530967719234
3 0.24826498096028635 0.5230468442549221 0.036820660985408094 0.06774261725541575
3 0.1914792836926758 0.5207505368404586 0.03563179620534679 0.059248857705620606
3 0.14941041426518986 0.5261575676856868 0.036160158306152074 0.06302370301581073
3 0.10049052806754169 0.5305983539912225 0.038165706624836274 0.06433122519491141
2 0.06795085898892986 0.7283495328530831 0.0410601616962104 0.06764737086637396
2 0.1266045815709705 0.7151341605148627 0.039715116056782226 0.07105876292687807
2 0.17001234484545286 0.6979904444892557 0.03033547118643512 0.05179369827054758
2 0.2115886291491022 0.6917605455518798 0.0389582497760442 0.06999349316019676
2 0.2697497666073062 0.6777223051215118 0.04995845534145976 0.05743685425976819
2 0.3368279556723712 0.6715948601307307 0.041084101870627776 0.05479743512292545
2 0.3998468662993268 0.6662556372616897 0.05058318104374704 0.057558055097035266
2 0.46979557026134866 0.6439621108559976 0.03981071029163569 0.06740496919184003
2 0.5147044599281272 0.6421356537049288 0.04208033955422391 0.07059919882230148
2 0.5660921862560394 0.6330845343748096 0.03869406872564163 0.06810607050510153
2 0.612977100295874 0.6258247268448947 0.036292298884602836 0.06396777194522552
2 0.6657277607516987 0.6178861428741107 0.045815418338638225 0.05387917137962117
2 0.7245196755981231 0.618875494051093 0.03352988428518067 0.06159497999944319
2 0.7553176039265441 0.6353958378130504 0.03678488400843938 0.0631449038530777
2 0.7092075098798393 0.7109090869568369 0.052720869940881876 0.05980964620555074
2 0.6333986432730381 0.7251572822596946 0.05347763611512113 0.06087420076849759
2 0.5463127838812389 0.7461840597251206 0.054426360125695905 0.05463131712348368
2 0.46751386796821004 0.7600946069644028 0.05249323523407651 0.06252008621490845
2 0.39126608170302535 0.7666233640716058 0.04768882607887165 0.05424262462930707
2 0.3101493547266675 0.7819013187048875 0.05031899999334433 0.05567063244194015
2 0.2301188758975484 0.7937554109175348 0.05281713343586508 0.05615528652889301
2 0.15041874851455614 0.803249330806645 0.05294927401431587 0.05709935545830769
2 0.056679983113772085 0.8218944755419908 0.045059321424528634 0.05281405087505442