0 0.04175270903961547 0.13837864480284773 0.06664073003055802 0.0880104215598207
0 0.4122685766327694 0.1960212384228207 0.06622872111654732 0.08620429120786369
0 0.35682601995582786 0.3683071023846835 0.07672394212174327 0.07290896992390872
4 0.3426258926194547 0.44574207504292473 0.09324766386135841 0.08087150915701152
4 0.23811310243979375 0.4166846356902094 0.08679570451478286 0.08342452754033164
4 0.07349681089495125 0.3709069183003023 0.06974600154420242 0.07674788904733282
6 0.14824072434967397 0.08885001553683108 0.05262215530120272 0.10554244005779256
6 0.09255319544339226 0.25577790978709997 0.05215391117742252 0.11471376454136994
6 0.2545478889856897 0.3198480703703037 0.043284322219269866 0.08570301310720813
6 0.4821710061206863 0.2748261821115664 0.041052972831849666 0.08852334955574373
4 0.46777010754674414 0.34002432954047845 0.0859738949408585 0.08469632227221241
6 0.30969807510250225 0.12102199656763778 0.0394521992425198 0.07136502825698346