0 0.5197795619775566 0.5228583803795758 0.04620829211040972 0.09719557478505875
0 0.23350222587115602 0.7911588505768872 0.04739992737539839 0.09720105616370067
0 0.22176427936943022 0.6232621596276263 0.057222286269331596 0.09007105057352938
4 0.20872946364339334 0.5573201030246381 0.07016522063948272 0.10296328769575047
4 0.2933061743850195 0.4912161710678917 0.06407527030400201 0.10190558132078587
4 0.42578689812842174 0.3876711564755452 0.0499406011023496 0.08900707332955421
6 0.4583499269472776 0.6458724025621663 0.03306912117294086 0.10636049053029428
6 0.4472593619105972 0.4831089779898752 0.03146188939303529 0.11250781096172396
6 0.3107893389771334 0.5722904684112089 0.02756439641885511 0.08632517490274638
6 0.1583745519763318 0.794048800261669 0.02609990485577346 0.08888266010095014
4 0.14921358233923743 0.7357946181125836 0.06433424280332287 0.10395904576964765
6 0.3313224139086663 0.7581258893957852 0.02601076055595597 0.07400596719031383