3 0.2056510390777599 0.21993259994152703 0.073922023707398 0.13990171241144433
5 0.33596116578020485 0.22290365566617404 0.046706984347950564 0.07152040951437566
5 0.2638509980977398 0.16178874780710883 0.04008235806158872 0.0689847164522431
5 0.3241598359066282 0.14982351087258639 0.05176875315160362 0.08905941287964261
5 0.2958363889131506 0.3152277702397436 0.0471852056792984 0.07710407502854472
0 0.4283361885724334 0.22729070548301555 0.04145391230178208 0.0517477681911952
0 0.5189027003318335 0.20192711228057406 0.04951312903230559 0.07103359903460521
6 0.6456362239566737 0.27961262798203057 0.06552940476259039 0.06684221265960011
6 0.6210891524352937 0.1353641349680359 0.05164982269267904 0.0627303438439818
6 0.5854834164391061 0.2545748167231737 0.03954838957504825 0.07106078546719788
6 0.5793430766214918 0.17855904966450487 0.04355810086968881 0.07631606820578479
1 0.4699913178297298 0.15283483581152468 0.06438165885737918 0.05344124367334849
1 0.38552407621663376 0.1717543514884411 0.06955492197141727 0.05566077798036792