6 0.21424153166673257 0.7427225255719162 0.03993307406551211 0.039126644045090364
6 0.3099961347417164 0.7633812150542028 0.04114337103128174 0.04504515418893784
6 0.39330912001985907 0.7719494536919703 0.04766217931374728 0.04557682859698131
6 0.46913203625615774 0.7807796249378776 0.043598960433599676 0.039954924881948295
6 0.5503827491157567 0.7962077548970145 0.037990086953572755 0.033043311243229345
6 0.611948987676341 0.8013277910868719 0.041876122286727435 0.04521071410054689
6 0.6764078691806541 0.8075903398664013 0.03351200727133785 0.031091040820565685
6 0.7381020349743045 0.8156699195418446 0.03488047832422425 0.03892624988653581
6 0.8265470580524363 0.8253984565195546 0.03636492918571588 0.030794434391751224
6 0.48986259324078163 0.6252893157690056 0.05297081284899513 0.040191467368368206
6 0.5786430350622995 0.6399770355364995 0.039279825978043914 0.039920251061273615
6 0.31471070776751575 0.6794759266157334 0.053386383681368776 0.036521994502269894
6 0.4041451688160641 0.6952877963953042 0.04896950773752179 0.043991249498076535
6 0.48029473965073477 0.7046799624341145 0.03513716503919462 0.033339917672043806
6 0.5432072565248821 0.7115695002120809 0.0413992866066899 0.039457924294579394
6 0.6080023279121433 0.7227906549540697 0.041319844547988316 0.03849949462038238
6 0.6713613725030014 0.7288047034399145 0.03464209103884319 0.03605022361035004
6 0.7361476186359729 0.7356294074386178 0.039933074065512164 0.03912664404509025
6 0.820935519491031 0.748926851576351 0.03228418201554084 0.03363578684726287
6 0.37127893482481195 0.6097282995388871 0.04807710122511055 0.04190793255820735
6 0.6449440400200891 0.6510502556908789 0.051009526307466135 0.0425704930571853
6 0.7187969055698451 0.6521102120763502 0.03896193552468563 0.03608505785729543
6 0.7909841822921069 0.6552355392251492 0.04181491854833952 0.03578918868207648
6 0.8526210987663791 0.6549999577439287 0.03708015215113414 0.039423250473904936
6 0.8547379554229226 0.5753911311699946 0.049446282308283185 0.049743302050448523
6 0.7840566122711892 0.5721178694335862 0.03268151452760082 0.038429409725437846
6 0.7205203230240622 0.5592276183832926 0.03642613292410368 0.040215959810221635
6 0.6538624777231257 0.5524682294426654 0.039279825978043914 0.039920251061273726
6 0.5819740819943462 0.5367137494971792 0.04181491854833941 0.03578918868207637
6 0.5077857365919285 0.5306953475755192 0.04213274789242194 0.039623644632459265
6 0.44282301694225057 0.5169938641850427 0.04009201929219125 0.04104424064707962
6 0.37044973141870613 0.5025951464749138 0.03789305549556776 0.0405474004859816
6 0.2909123825306794 0.4890194584859611 0.03912088075136472 0.038002654459284524
6 0.22025252208798324 0.47647244549242085 0.037893055495567735 0.040547400485981655
6 0.22961196775144027 0.35454945427803924 0.028864530661577514 0.07049392853682823
6 0.2885104609500909 0.3693224676833766 0.028564168498246556 0.05819547916230544
6 0.37391266000282863 0.38422327667028505 0.032529706999378905 0.07132204894741523
6 0.33014105825298035 0.38068211288774934 0.02693907183966554 0.05594733956442283
6 0.43790521863722626 0.44116719441681745 0.02451924904768865 0.04411121695659448
6 0.47837308773244036 0.42149917700398615 0.028007951868783243 0.051484996935736604
6 0.5160326267779073 0.4221947953214663 0.03282216032469032 0.048809364818104994
6 0.5590890055623372 0.43436477518615546 0.03532142517536896 0.06160391710013047
6 0.599809668062788 0.4386819206608749 0.027672533125397636 0.056113059902302864
6 0.6709639535848252 0.4542697825886146 0.027275200613337658 0.05131943702412761
6 0.637031443536558 0.4446502162673577 0.028325781212865775 0.05531945288611945
6 0.7115161355740208 0.4561079134957666 0.03554228417072247 0.07294319954686085
6 0.7598857512337189 0.45824626701395255 0.03245020383140118 0.07036288201962287
6 0.8049343734440151 0.468912870908217 0.032945277831752384 0.06765257608131675
6 0.8578885744192529 0.4833191929897952 0.036054886461101 0.06176963743801028
6 0.2373669672165153 0.22493960498635054 0.028308252922838367 0.063782709056664
6 0.2789975645194047 0.23629925019072334 0.026365204701623013 0.05769863900120753
6 0.31799143445397343 0.2524347325230008 0.02434206550069573 0.050656716098878785
6 0.35613657332449156 0.2517747490313945 0.025375117810196524 0.06311998813141512
6 0.3989060185399004 0.26290351926608246 0.03094037695113888 0.052147557434714525
6 0.4358289130201877 0.28150096766925237 0.02636520470162307 0.057698639001207475
6 0.49659101238135206 0.291810901192308 0.029986766700339784 0.04064271507637507
6 0.5613424083202525 0.32157939802228974 0.038546364692311874 0.03975453072339369
6 0.6172869937275105 0.3449636021857809 0.030799670044773353 0.04176686508845179
6 0.6689244532129499 0.35272369899272893 0.03127650572481078 0.04751965489441928
6 0.7163007375924979 0.3668461097063528 0.02565004284548056 0.04907056017264949
6 0.7614685228908464 0.37607506908932187 0.037318539436514975 0.04229927675009082
6 0.8092063120628374 0.36781568176457013 0.03854636469231221 0.039754530723393744
6 0.8761963928277123 0.39760180391855143 0.04048935180425128 0.04583786352525465
6 0.288296558564051 0.5836539284431281 0.035949358353342065 0.03446390725784976
6 0.21120609604260465 0.5720956655086441 0.04124040248928665 0.03754106494618581
6 0.24974798811783783 0.6657744432252569 0.030659024247683853 0.03138690999578464
6 0.19903247196857426 0.6513857464676782 0.02845935042077405 0.03088990940841574