1 0.433663827028158 0.31785090602794575 0.08657993092866345 0.12296333481773308
0 0.3424057336555585 0.3164572156131665 0.06498884595475657 0.09181775195269737
2 0.4559493432905539 0.44743705734507716 0.06664873393619275 0.10863837072399651
0 0.651586106955016 0.6358573301307622 0.07547467228820925 0.10678781260302517
1 0.36479045438773855 0.4659614043075878 0.07835624279018116 0.11443411706733664
1 0.5777299350664791 0.7755647411294487 0.08672365828402073 0.12188400372279329
0 0.3823087624350525 0.5927582410876364 0.07543014940263632 0.10126502665888582
2 0.2549939146906667 0.4845560386095127 0.08413656588759225 0.1413119634317082
0 0.28466107235667865 0.7023435571862002 0.05850706817402718 0.08192179849877279
2 0.19693834597998733 0.6196587206198516 0.05185422224583505 0.07916762763139684
2 0.10614579886039402 0.5610479716714039 0.05652222599113288 0.09096998233631959