3 0.088254 0.574122 0.08458500000000001 0.13393999999999995
6 0.3211069999999999 0.21456400000000003 0.056389999999999996 0.14564400000000002
6 0.38965000000000005 0.436931 0.03986200000000001 0.12483699999999998
6 0.593336 0.214564 0.03111200000000003 0.12483700000000003
6 0.423193 0.13199 0.04277900000000001 0.13133899999999998
6 0.17332600000000004 0.416125 0.10305800000000001 0.06501999999999997
0 0.511667 0.17685300000000004 0.038890000000000036 0.080624
0 0.508264 0.42197700000000005 0.04375100000000004 0.058518000000000014
4 0.135894 0.70026 0.05347299999999999 0.07932399999999995
4 0.526737 0.476593 0.04569599999999996 0.06632000000000005
4 0.418818 0.542913 0.03597299999999998 0.07152100000000006
0 0.25305 0.36801 0.05639000000000002 0.07542300000000002
6 0.575349 0.405072 0.04569599999999996 0.06631999999999999
4 0.5850710000000001 0.460338 0.04180700000000004 0.05981799999999998
4 0.612294 0.294538 0.032084 0.061118000000000006