3 0.6673032842689863 0.783698871258786 0.12102333123149644 0.12173891862487662
2 0.7336979326204396 0.648756160041424 0.14532776607124254 0.15635562156159932
0 0.6423414707731278 0.5707875598905812 0.08380831780748776 0.08631327566010938
0 0.3913188629337785 0.662935654480159 0.09184668466781803 0.08223983165455218
0 0.3661117624087798 0.8068494688897765 0.06986720130312774 0.0704775374425467
0 0.17303477105754334 0.41078331844305294 0.08731246286800567 0.07676296637453
1 0.4600046852664501 0.5175224960032068 0.06864102003857908 0.0911727144324318
1 0.4899892128852325 0.8599269383131235 0.06359016020477892 0.07818161849140104
1 0.599433094434085 0.9245579295414845 0.06078866042187059 0.08143850704771016
5 0.5815001466714694 0.48068296653958054 0.0989682564426424 0.10337020018549414
5 0.5063742448123414 0.6240473931624781 0.09477122473477984 0.09729853196994787
5 0.11371390696965736 0.5388076216892224 0.11079121214608839 0.09935750116881797
1 0.5617519275640859 0.73690752883261 0.08980710365483435 0.12964180692617533