0 0.23033089238145016 0.2964958872886207 0.053097542529820574 0.08779761091445892
0 0.5066811422633377 0.13438368576978088 0.054149765931776894 0.08723781656017526
0 0.5366222480180775 0.3102235232286149 0.06191333538060273 0.07452196481909634
4 0.5573356470741739 0.38256864506026567 0.0749689454707414 0.08293134489300863
4 0.4743225782343754 0.417036646278916 0.06946092913772328 0.08462957910527458
4 0.34429113880355966 0.4710272272248339 0.05535290769614826 0.07677914925160317
6 0.2828226372525956 0.19495487677155438 0.042665116523528 0.10438647312871693
6 0.31154169548805877 0.36530615468363314 0.04202619656323081 0.11209087453863409
6 0.4473072302022298 0.32752202648551165 0.03526758612909797 0.08437886478711087
6 0.5862275687264082 0.1607153431193134 0.0342995137608173 0.08796213705779612
4 0.6020240265050151 0.2237085908564568 0.06994978573532973 0.08682517175078536
6 0.40615238813253984 0.129955820288058 0.03233482244241831 0.0712069971821326