3 0.8565969653521539 0.561854511699859 0.09789946184591025 0.1113363732858379
2 0.8618830372843261 0.3976440150865985 0.11893992746266457 0.15876632336354685
0 0.7473592073426366 0.3483443106044034 0.0689347475752915 0.08726312680622644
0 0.5696491061530962 0.5369950528908707 0.0745354414596825 0.0704125852430807
0 0.6119264554602524 0.6866778832343821 0.05174280129751763 0.060956354047848604
0 0.2583809083828555 0.3512849991435817 0.07322080924641572 0.0698971510178194
1 0.5617076837694657 0.35900323344112206 0.044614258655765626 0.10272221774921264
1 0.7363958855068115 0.6961404028173506 0.042990187128781665 0.07429201864138091
1 0.8525913315041446 0.7211443763092036 0.040196436991420725 0.07933215521658121
5 0.6528029705157017 0.2714419476597117 0.08046557400806864 0.10847223997825262
5 0.6509287076700805 0.4557112023165287 0.07433459111732399 0.09382695609739955
5 0.2758722058331347 0.5084508515506584 0.0886927772372268 0.0859399798384271
1 0.746891938464418 0.5512507098351653 0.056008314911556 0.13927845150193946