3 0.8959243680383736 0.07441581054861927 0.07355124140701608 0.14883162109723855
6 0.7657866526058689 0.485574902499153 0.07128157626147757 0.1682733223411424
6 0.6735949137331851 0.3074451368069634 0.051931090408908864 0.13540635927423986
6 0.5347202756885138 0.5896237767272678 0.04361387247605597 0.13404233660274711
6 0.6911544039276903 0.6023719463721983 0.05668947724457096 0.14887943783561708
6 0.8596077710490305 0.24216771692382394 0.09835839128183754 0.10792267419038357
0 0.6090172064859283 0.5937295603014856 0.04473801666291444 0.09587505872785929
0 0.576663306326559 0.36629136189147476 0.04466484395774728 0.0738670615766045
4 0.8453176564588532 0.011362579578499302 0.05727274442469543 0.022725159156998603
4 0.5536947379255365 0.32405123931682966 0.047031177893571696 0.08131490530104801
4 0.633692101721999 0.2233248530470805 0.04016450851003717 0.0818472912064726
0 0.7994358258170184 0.3171240559101909 0.05992078252236044 0.09759034940783279
6 0.5233016249072684 0.40721555375588797 0.04700268905892385 0.08187960177953357
4 0.5077040959179585 0.360897953836273 0.04261687452368351 0.07348038626996828
4 0.5077090335532365 0.5224091587635196 0.03514590608851581 0.07211255673445288