0 0.5076747986526773 0.48664718577879873 0.0749778121091964 0.09531374894533728
0 0.9007017201866125 0.33032992763687596 0.08276285723126497 0.05732242710513519
0 0.6398111342667936 0.13468841607512244 0.05341192650085069 0.05002984943048297
0 0.7535725713348573 0.1002938918136474 0.03040863166556973 0.03288082680149122
1 0.7675449429149522 0.35552220575444304 0.043435713553527266 0.09223364234131043
1 0.8114166196704691 0.36315235341533625 0.05043231002014881 0.1150880584249725
1 0.7955288544239153 0.08713612392686867 0.032133498133826155 0.05315094443562772
6 0.6861011166866521 0.1358865356652941 0.06394741526710179 0.08849204017838151
6 0.5639237262629626 0.37440364776145363 0.08103778815673246 0.11866361164854289
4 0.8444878894780622 0.46368156485255124 0.05870548171369516 0.054869863054809564
4 0.9302092737935751 0.4354401078866357 0.08036964094815668 0.06473502911448875
4 0.4408047620905584 0.7329656341580524 0.1024560620624167 0.06610333810408253