3 0.7492863757962955 0.4158222183520826 0.046033192597176864 0.14538366929971114
6 0.5723616416307422 0.05726324705076666 0.06469563188934946 0.11452649410153332
6 0.4867599793498816 0.2521986962274319 0.05138651808407341 0.13063815069232643
6 0.31594173788189595 0.04027790848748914 0.04499199095069234 0.08055581697497828
6 0.48278497133879816 0.010415457266933811 0.04861024617326515 0.020830914533867623
6 0.6982429981993772 0.2491632359251746 0.10359066777178938 0.07588413475587955
0 0.3972635499059577 0.015552836103931602 0.044967429930303726 0.031105672207863203
0 0.37270388406387345 0.2267026662144096 0.04972692924736144 0.06393103520723731
4 0.7169221645652599 0.5485414476704087 0.05914865492843224 0.09317564385441612
4 0.34789255071965197 0.28015935041193185 0.053347942317346075 0.07340004270497089
4 0.4471175658159 0.35739336680632794 0.04353518760652292 0.07910231678705437
0 0.6250691090880365 0.19505645061700244 0.05986043088994564 0.08020094549610068
6 0.3092028890966497 0.2042193383781678 0.05322490023518606 0.07180721376304264
4 0.29243328097569365 0.25870672724463417 0.049219770506652216 0.06605410497978714
4 0.2878021103768409 0.0932969692833421 0.038799394858698266 0.06285775010120273