0 0.26112035566436675 0.3730759774034891 0.039342611534595895 0.1037989346994237
0 0.5725601082726413 0.6813733266860296 0.05977864015028511 0.08618411387238567
0 0.38135348146923503 0.8093016504161891 0.03965824045807875 0.07821416585667373
0 0.4821092265165513 0.9013162026084067 0.02329977045582543 0.05097807975108937
1 0.46626433399415457 0.6033185446083591 0.02383989112065904 0.10119635402303506
1 0.49902352490292984 0.6121432839762038 0.027037780530402622 0.12392757107942065
1 0.5200034218007561 0.9367904926515151 0.021640497788134483 0.07461580611220597
6 0.4209276282647342 0.8278723395152018 0.04429726011095264 0.12510337586262743
6 0.3070115007837868 0.505576277184116 0.043702289367575975 0.13571709336179244
4 0.5129428427586031 0.5197128992396636 0.039081788360826486 0.06855096867684696
4 0.5802786203066719 0.5801712565533534 0.05422084246165004 0.0856340906961518
4 0.21254164704163986 0.13345621697462953 0.058664889116679275 0.0881013997662357