0 0.2251643033934152 0.49096539811013323 0.05304989085600734 0.10742269547555094
0 0.668917313830669 0.641635183464601 0.08389109028269581 0.08658654719848957
0 0.40965452442423816 0.23497094341784902 0.055183116340021154 0.0810361109045431
0 0.55405108729448 0.29149751448709926 0.0324517287639674 0.05327049061327899
1 0.5183685080648439 0.5633696021390924 0.03163701715555234 0.10721220775374218
1 0.5640450628761191 0.6024081773108798 0.035763028606345615 0.13153728148222588
1 0.608469185544328 0.31189925678951735 0.029579656871924098 0.07968766089406931
6 0.4655817856432912 0.2746469547100914 0.060712197723519545 0.1321267435350844
6 0.293842195164866 0.4273473023977431 0.05862024663364257 0.14210367165796356
4 0.5789299310398631 0.7132501434449435 0.05428707890746276 0.06953923004793738
4 0.6745787909162302 0.7519447022587371 0.07572418460773667 0.08633820756806432
4 0.1493015797055473 0.6548786038245564 0.08079996825256246 0.0874754853387435