3 0.3170906218378128 0.3567524249591416 0.10967220078615142 0.09534058351940455
2 0.3647420129414628 0.4968098271502035 0.1300773691471248 0.1274645010078499
0 0.48544072218974554 0.5344046629382095 0.07562762525327177 0.06858752038248017
0 0.6006267935642076 0.37006083150556135 0.08484883119236131 0.059402185508993954
0 0.5170556934393733 0.23592424311840143 0.06328273849796001 0.055292159547618264
0 0.9355481507395835 0.5174182765043496 0.08088576431539252 0.05466139081995042
1 0.6540300068857854 0.5200300648635225 0.05867870129290376 0.08231166831109898
1 0.3905854568881183 0.2309359662942083 0.055361567054266425 0.06823738379339744
1 0.2663190841816995 0.21103389509016182 0.05185518898186292 0.07378330643945985
5 0.5927970215457478 0.5927937249855657 0.0890777885914118 0.08283687319472322
5 0.5454666169462212 0.44246304135192915 0.08556905434316897 0.07716975048716551
5 0.8877041079406409 0.38576729935537 0.10232532660824434 0.07185202760062898
1 0.42595758261307054 0.3623707475943767 0.07512340891131264 0.12090855938074696