3 0.9453740964231669 0.48491684424521786 0.10925180715366611 0.15016469444837943
2 0.9108532499594646 0.6425629832620845 0.13638261371149685 0.19369369662882285
0 0.7794413545872848 0.6229545375590142 0.07707636569330645 0.10516462486058986
0 0.6426084429944919 0.3521294915012714 0.08372363086453127 0.09772877808155567
0 0.7190461667527819 0.23092132525149123 0.06132021571183477 0.08219131593868631
0 0.3148789212936677 0.36272771801756565 0.07656788229595574 0.08784194454409067
1 0.5972451482428558 0.5111725155707314 0.05585395027937845 0.10587157389529367
1 0.8526357731872468 0.28745166439302394 0.05288272387982684 0.0903566565437331
1 0.9806959807773143 0.326085923914713 0.03860803844537131 0.09513494508829706
5 0.6674013476127161 0.6388703848741488 0.08953957828608539 0.12506267864245457
5 0.7061161110794472 0.4710368847857478 0.08483834385530131 0.11583518651560326
5 0.3573011603849437 0.23064243891623876 0.09587818500775735 0.11287052491660135
1 0.8276746669708788 0.433517928489923 0.07023095602909624 0.14990286392157448