0 0.38603102437466325 0.7591598943551905 0.06876060282232266 0.09397431086441987
0 0.7894311999861339 0.606620110144124 0.0889380187901091 0.06109258955800556
0 0.478855618330175 0.36060403415979514 0.06357336220882992 0.0645571868772779
0 0.6108940223948007 0.3195265237228857 0.038442111026212755 0.04366855735383535
1 0.6463606871575773 0.629590344943184 0.049985835147355995 0.1006847526784247
1 0.6934741419631365 0.6388205559126486 0.05868013128314675 0.12464837654858107
1 0.6603815341706518 0.30314819616938304 0.041628145896461244 0.07170121647473088
6 0.5342013841833095 0.3632841856420689 0.07920842671926215 0.11521118467608343
6 0.42820393595109896 0.6434451482344952 0.08081527767854862 0.12770456590757517
4 0.7325676301505435 0.7457329498814173 0.060797054858973354 0.05388103730581828
4 0.8210152211647543 0.7193895101772978 0.0822903819847346 0.06393574909498079
4 0.36109399992665314 0.978028880541163 0.08804632123237216 0.043942238917674126