3 0.08871601351022754 0.4855380935567447 0.07484397809704696 0.13401535843680384
6 0.30859014308482147 0.7751411559403539 0.059817921561495624 0.14336642411524791
6 0.34470674157281134 0.5627971942588683 0.04394687416772036 0.11964379724755281
6 0.5306560528152675 0.7309865858384553 0.037208692294340984 0.11910069335544371
6 0.39987590577743504 0.833674238692067 0.04741588881762193 0.12820737617297717
6 0.16899903468552163 0.6155004206013164 0.09131897430536327 0.07582896292974217
0 0.467923314750435 0.7782743757972175 0.039440674553759714 0.08033251018762189
0 0.4423854382578015 0.5577121501712499 0.04106127139933374 0.05982036541119351
4 0.11401966472966378 0.3653055279892973 0.05090625742623231 0.07961893871423953
4 0.4522821164798809 0.5060117184087696 0.043276562982436706 0.0669075973131974
4 0.3588690102393931 0.4632445970611081 0.035825063845707994 0.07005208254703155
0 0.23894541367344468 0.6464632440703213 0.05336133149184663 0.07802201740250936
6 0.49816242697934754 0.5624661141829301 0.04332070693233986 0.06712819361126798
4 0.5008265554341216 0.5115795549921749 0.0394788347203075 0.06039415529879405
4 0.5383731123886268 0.6558180861313878 0.03187079897743905 0.06066868353253152