3 0.01644736395217495 0.5656917459844348 0.0328947279043499 0.1442980637160352
5 0.14317606161830612 0.5574468477773116 0.05042014601370014 0.07456431831658883
5 0.06817845627938186 0.5025831213198525 0.0427127407891165 0.07147691779052306
5 0.13892953256174978 0.48543702582850756 0.055168860201413525 0.09227884582601914
5 0.08536773970876121 0.6531546742619616 0.05058177498646065 0.08010264625953689
0 0.2486548444254706 0.5538813556076058 0.0456067752652132 0.054634289272306624
0 0.355843713047328 0.5207431467195663 0.053799042549731335 0.0743358218388524
6 0.49143456679286635 0.5874644957790898 0.07318761532425305 0.07164106175593143
6 0.4816141250088263 0.4454364862247836 0.05695167841057547 0.06635434767168008
6 0.42557161109095343 0.5676218477090437 0.04192480732604981 0.07347255582866041
6 0.42819690745263017 0.4921914518856175 0.04631794771702885 0.07900310257895066
1 0.3059459387071736 0.4758966896134077 0.07279970081795839 0.058348904335183416
1 0.20657848279772362 0.5020707829336503 0.07880102398628397 0.06099549988244296