3 0.208623431544375 0.6211056452706067 0.10751670659944296 0.12659068790818073
6 0.49220160781610667 0.35463327583339177 0.07580632356257927 0.14377661314040252
6 0.550609592972276 0.559601351263249 0.053559432436083965 0.11095589557590513
6 0.794017889489339 0.4089337313763014 0.049732792293746275 0.11679032043027332
6 0.6157596270383086 0.3009698607499405 0.061871974078159586 0.1310993405415835
6 0.3103053322450505 0.5041730009689062 0.1225521413270339 0.07513659152919044
0 0.7096700738292169 0.36022762940425895 0.052350944205195704 0.08088947724075035
0 0.6787813673626932 0.5679703632496798 0.05243154954508411 0.056108980456110236
4 0.25901085758582343 0.7294182212717835 0.06440918100197232 0.0725300661497239
4 0.6924073836790079 0.6148238239962174 0.05475042055112078 0.061882981869446074
4 0.5727364594269055 0.6499798167335012 0.04410837679015889 0.06373353780099289
0 0.40396030313772024 0.4774142318373762 0.06862177869725627 0.07559620278383905
6 0.7511950092266596 0.5655278617874606 0.05556807679101272 0.06287229797741789
4 0.7547635123554719 0.6113775178392883 0.05020087007813012 0.05586573716325738
4 0.8036552034962164 0.48099627287237506 0.04182001248728362 0.05838124157713043