0 0.8293508422709883 0.4479895801077082 0.04862783820348826 0.07786011869357984
0 0.4620995656604605 0.39502567832920776 0.050270488437721084 0.07727993772602909
0 0.4758938371645534 0.24095154054419649 0.0649253590844262 0.06507277207277917
4 0.47177735978957863 0.17217546580961957 0.08077299860179166 0.07205040661314896
4 0.5781540023571444 0.19899861888530207 0.07253809635847364 0.07394994384787246
4 0.7447820784926263 0.24101433102859227 0.05504779195859588 0.06755172226201275
6 0.7399913878997426 0.4921914599356505 0.029082232945249475 0.09380367760500402
6 0.7536904162889566 0.343110942940718 0.02591034891916333 0.10095509373290695
6 0.5848641746227952 0.2849864384163213 0.02460327952168051 0.07577748778336812
6 0.3766114533412708 0.3237948670308275 0.02218606361574732 0.07914397008617718
4 0.3756391213382105 0.2653460324837003 0.0725761965340812 0.07594754576651222
6 0.57813022446714 0.46291861034666243 0.024374707764594827 0.0637934122976116