2 0.9258488394524718 0.4429163505118055 0.09488906235823613 0.1478039887017163
3 0.8938364155627796 0.5653112583837869 0.0788065240885597 0.12897112254148668
4 0.8973865618917856 0.7084887056466498 0.07780692640599507 0.08181889550835686
4 0.7189751407553427 0.6792819915273337 0.0782779798450981 0.06276613772133266
4 0.4518099683275283 0.620717907716249 0.08336393788664642 0.09695813151466559
4 0.36190620729843437 0.6198394067630597 0.08017868969091224 0.07993984481617666
4 0.525618641344545 0.6671371121724239 0.06144872507630661 0.0866508712850359
4 0.5667496001034429 0.6059671057304277 0.06407723083252459 0.07270536791129967
6 0.3694277146902545 0.5301467618309335 0.059256855717205514 0.14611091775827462
6 0.6707805775780624 0.3673035908956751 0.04030342725873126 0.10300580905345941
6 0.5253970864202737 0.30360603799807084 0.043594029530913514 0.07635917999567593
6 0.5246809969726347 0.5514530334971266 0.047593406521380666 0.09243584337677457
0 0.834907428706941 0.4858341496853362 0.04515674781950074 0.07345690156063028
0 0.6042804542808957 0.412557772963552 0.05369398518645441 0.09228893118575016
6 0.7124076392413634 0.6065424045801728 0.06170355356455082 0.10832383511553989
4 0.622010468360954 0.6334174427613959 0.06057629119226726 0.09142071023191467
1 0.5756363737420715 0.508496636829787 0.04715680176532844 0.15225485895652158
5 0.5278977646938142 0.4732104240922512 0.046759833921314886 0.08478438855165704
5 0.5344151096495144 0.3723468799875791 0.05714889667903378 0.06332736844949383