0 0.901304 0.222367 0.031206 0.036411
0 0.895063 0.330949 0.043688 0.050715
0 0.060001 0.180104 0.048681 0.042913
0 0.939999 0.434330 0.038695 0.046814
0 0.877588 0.429779 0.041191 0.050715
0 0.818297 0.424577 0.052425 0.058518
0 0.458809 0.511053 0.062411 0.036411
0 0.352085 0.503251 0.058667 0.031209
0 0.284057 0.494148 0.052425 0.028609
0 0.190440 0.503901 0.042440 0.037711
0 0.109305 0.515605 0.037447 0.042913
0 0.031915 0.527308 0.037447 0.042913
0 0.046270 0.390767 0.051177 0.045514
0 0.135518 0.387516 0.049929 0.044213
0 0.209163 0.390117 0.044936 0.039012
0 0.270327 0.392718 0.052425 0.039012
0 0.332738 0.388817 0.047433 0.036411
0 0.395773 0.386866 0.053674 0.042913
0 0.463801 0.392068 0.047433 0.040312
0 0.524965 0.392068 0.049929 0.045514
0 0.593617 0.400520 0.057418 0.044213
0 0.679744 0.407672 0.057418 0.048114
0 0.750893 0.419376 0.057418 0.048114
0 0.823290 0.322497 0.042440 0.046814
0 0.838893 0.213914 0.036199 0.040312
0 0.782099 0.206112 0.032454 0.042913
0 0.050015 0.278934 0.041191 0.040312
0 0.143008 0.280884 0.037447 0.041612
0 0.220397 0.286086 0.032454 0.039012
0 0.300284 0.288687 0.044936 0.044213
0 0.375802 0.295189 0.036199 0.036411
0 0.435716 0.295839 0.041191 0.053316
0 0.503121 0.295839 0.038695 0.045514
0 0.169220 0.184655 0.037447 0.046814
0 0.265958 0.181404 0.038695 0.050715
0 0.329617 0.183355 0.033702 0.044213
0 0.399518 0.191808 0.038695 0.050715
0 0.472539 0.200260 0.037447 0.057217
0 0.724056 0.206112 0.028709 0.042913
0 0.761503 0.314694 0.036199 0.052016
0 0.704709 0.308843 0.034950 0.053316
0 0.642298 0.301040 0.037447 0.048114
0 0.574269 0.298440 0.046184 0.053316
0 0.547433 0.200260 0.032454 0.044213
0 0.612340 0.203511 0.034950 0.045514
0 0.674127 0.204811 0.033702 0.048114
1 0.040653 0.799090 0.057418 0.032510
1 0.137391 0.733420 0.058667 0.036411
1 0.041277 0.732770 0.046184 0.029909
1 0.227887 0.736021 0.057418 0.033810
1 0.319007 0.737321 0.057418 0.031209
1 0.408255 0.739922 0.056170 0.028609
1 0.495007 0.745124 0.052425 0.033810
1 0.571149 0.757477 0.057418 0.027308
1 0.682241 0.764629 0.054922 0.028609
1 0.755886 0.765930 0.052425 0.033810
1 0.858241 0.773732 0.062411 0.036411
1 0.900056 0.843303 0.051177 0.032510
1 0.820794 0.842003 0.052425 0.035111
1 0.744652 0.834850 0.049929 0.028609
1 0.651035 0.829649 0.054922 0.031209
1 0.569901 0.825748 0.049929 0.028609
1 0.952482 0.937581 0.051177 0.033810
1 0.160483 0.799740 0.069901 0.031209
1 0.271575 0.802991 0.044936 0.029909
1 0.382667 0.808192 0.072397 0.027308
1 0.485021 0.821196 0.042440 0.027308
1 0.039405 0.901170 0.032454 0.065020
1 0.103688 0.896619 0.033702 0.068921
1 0.175461 0.894668 0.029957 0.070221
1 0.250355 0.898570 0.032454 0.065020
1 0.325248 0.898570 0.034950 0.065020
1 0.372057 0.897919 0.031206 0.066320
1 0.424482 0.898570 0.033702 0.070221
1 0.486270 0.900520 0.034950 0.071521
1 0.538695 0.906372 0.029957 0.070221
1 0.627943 0.916125 0.041191 0.063719
1 0.707830 0.927828 0.043688 0.058518
1 0.785844 0.947984 0.032454 0.070221
1 0.846383 0.941482 0.033702 0.070221
1 0.893191 0.938231 0.034950 0.066320