4 0.066558 0.399072 0.081169 0.072727
4 0.042614 0.616512 0.065747 0.089054
4 0.144075 0.589054 0.052760 0.078664
4 0.246753 0.579406 0.047078 0.089054
4 0.188312 0.389425 0.068182 0.080148
4 0.269075 0.390167 0.060877 0.087570
4 0.357143 0.380519 0.066558 0.092022
4 0.455763 0.375325 0.052760 0.066790
4 0.525568 0.372356 0.046266 0.084601
4 0.606737 0.387941 0.047890 0.092022
4 0.680601 0.376809 0.038149 0.078664
4 0.726055 0.373840 0.038149 0.075696
4 0.790990 0.399814 0.033279 0.071243
4 0.835227 0.402041 0.027597 0.066790
4 0.364854 0.600186 0.067370 0.094991
4 0.474432 0.580891 0.052760 0.097959
4 0.584010 0.573469 0.056006 0.089054
4 0.677354 0.571243 0.051136 0.081633
4 0.766640 0.560853 0.036526 0.081633
4 0.828734 0.571985 0.042208 0.071243
4 0.885552 0.561596 0.045455 0.056401
4 0.939529 0.576438 0.036526 0.062338
4 0.978084 0.573469 0.032468 0.074212