0 0.214447 0.568100 0.040632 0.112495
9 0.270880 0.576939 0.063205 0.062676
14 0.323363 0.560064 0.044018 0.083568
11 0.362867 0.407393 0.055305 0.099638
15 0.408578 0.409803 0.038375 0.091603
12 0.453160 0.402571 0.048533 0.106067
8 0.418172 0.061872 0.041761 0.086782
3 0.453160 0.058658 0.037246 0.096424
13 0.490971 0.077943 0.036117 0.070711
6 0.526524 0.055444 0.037246 0.080354
4 0.451467 0.683809 0.040632 0.128566
1 0.487585 0.690237 0.036117 0.099638
9 0.515801 0.719164 0.034989 0.040177
10 0.542325 0.707714 0.028217 0.068702
0 0.693849 0.669948 0.033860 0.099237
15 0.722771 0.670350 0.026242 0.076738
13 0.743369 0.694255 0.021163 0.072318
6 0.764391 0.669948 0.025959 0.075934
8 0.848194 0.592808 0.050226 0.123343
15 0.887980 0.583367 0.038375 0.118923
9 0.931433 0.606268 0.050226 0.081961
10 0.971642 0.578144 0.030192 0.120530
19 0.127381 0.594928 0.051144 0.024707