17 0.204234 0.442661 0.037697 0.082288
7 0.243222 0.445579 0.032533 0.085206
14 0.282339 0.448643 0.044152 0.079078
15 0.325071 0.916983 0.053189 0.076160
11 0.368448 0.914794 0.040279 0.068865
12 0.412342 0.911730 0.042344 0.077911
3 0.649755 0.911876 0.043119 0.071783
17 0.689130 0.912898 0.037180 0.073826
13 0.728247 0.939160 0.039504 0.083163
6 0.767751 0.909834 0.036406 0.077035
11 0.481926 0.385760 0.046217 0.067114
1 0.520010 0.379049 0.030984 0.070616
12 0.559773 0.371900 0.044410 0.065071
15 0.637619 0.067406 0.047767 0.069448
7 0.674929 0.061424 0.028402 0.069740
9 0.718952 0.075576 0.058095 0.060694
10 0.765040 0.063612 0.037697 0.074117
3 0.869997 0.370732 0.043635 0.097170
8 0.915698 0.373796 0.050349 0.085206
12 0.963852 0.377152 0.049058 0.090750
7 0.628970 0.496936 0.039762 0.068281
4 0.663052 0.495769 0.029951 0.064196
13 0.696489 0.519697 0.038471 0.067114
6 0.736638 0.500584 0.035115 0.067989
