7 0.160961 0.422337 0.029310 0.072852
18 0.188054 0.423711 0.023892 0.068729
9 0.211946 0.448454 0.035714 0.046735
2 0.245690 0.432818 0.030788 0.076632
15 0.343966 0.546735 0.030296 0.070790
18 0.369951 0.550859 0.024631 0.062543
12 0.396921 0.549485 0.031281 0.074914
0 0.561207 0.561340 0.032266 0.094502
0 0.585714 0.560997 0.026108 0.080756
9 0.616502 0.575258 0.034483 0.045361
10 0.644458 0.559794 0.021429 0.068729
17 0.409483 0.182990 0.034729 0.080756
11 0.447906 0.180756 0.042118 0.070790
13 0.484360 0.215979 0.031773 0.075258
6 0.516133 0.189347 0.032759 0.085223
0 0.661207 0.211684 0.031281 0.068041
4 0.691133 0.207904 0.026601 0.063918
12 0.728695 0.210997 0.034729 0.086598
15 0.766749 0.581615 0.036946 0.099313
1 0.798153 0.580584 0.028325 0.082818
13 0.828448 0.603436 0.030296 0.068729
6 0.865640 0.578522 0.038177 0.100000
