15 0.290631 0.400416 0.050259 0.093523
14 0.345807 0.401108 0.054084 0.080360
0 0.505873 0.200554 0.038787 0.080360
17 0.542611 0.198649 0.033051 0.091098
12 0.583857 0.202113 0.044523 0.086941
11 0.827370 0.344302 0.046435 0.078282
15 0.865610 0.342397 0.034963 0.091791
13 0.893472 0.368895 0.027315 0.064427
6 0.930620 0.350017 0.042065 0.091098
3 0.369708 0.678732 0.040699 0.087634
4 0.403715 0.675961 0.028408 0.077243
13 0.436356 0.701247 0.040699 0.077936
6 0.476509 0.684794 0.040699 0.094908
0 0.618137 0.523900 0.031685 0.066851
8 0.648320 0.524766 0.028681 0.068583
12 0.684786 0.529962 0.038241 0.069276
3 0.791177 0.721683 0.034690 0.090405
1 0.826140 0.729131 0.033597 0.083824
9 0.871210 0.761690 0.055449 0.068583
10 0.921060 0.739176 0.038241 0.103914
19 0.183644 0.444083 0.060502 0.024707