4 0.246748 0.118853 0.034959 0.179482
18 0.285772 0.097678 0.026829 0.108899
18 0.508943 0.117845 0.035772 0.092766
18 0.550000 0.644191 0.038211 0.092766
18 0.876829 0.481850 0.034959 0.127049
17 0.032927 0.762165 0.018699 0.191582
17 0.472764 0.116836 0.013821 0.102849
17 0.834959 0.479833 0.013008 0.151249
14 0.118293 0.753090 0.026829 0.137132
14 0.550407 0.101711 0.034146 0.084699
14 0.950407 0.414292 0.073171 0.157299
1 0.490650 0.638141 0.049593 0.149232
8 0.624797 0.074487 0.031707 0.114949
15 0.670325 0.071462 0.031707 0.088733
15 0.072764 0.754098 0.043089 0.151249