18 0.324695 0.123616 0.017276 0.094881
18 0.140498 0.113074 0.016768 0.084339
9 0.159045 0.128009 0.029472 0.061497
9 0.347815 0.136794 0.028963 0.054469
17 0.129065 0.103410 0.014228 0.107181
17 0.286839 0.468000 0.017785 0.115966
17 0.428862 0.438130 0.016260 0.105424
17 0.309451 0.115709 0.019309 0.117723
17 0.756098 0.463607 0.016260 0.124751
10 0.186992 0.096382 0.021341 0.121237
6 0.375508 0.108681 0.022358 0.103667
4 0.587398 0.088475 0.019309 0.091367
8 0.773882 0.099017 0.020325 0.087853
8 0.692581 0.423195 0.016260 0.065011
8 0.790142 0.714867 0.017276 0.086096
7 0.950711 0.592751 0.020325 0.101909
19 0.755589 0.708717 0.018293 0.038655
19 0.591463 0.035763 0.015244 0.021085
15 0.591947 0.365273 0.012389 0.060242
1 0.834882 0.334483 0.011227 0.046855