17 0.274749 0.173315 0.009087 0.089977
13 0.333094 0.180813 0.024390 0.071649
10 0.357484 0.152486 0.018651 0.091644
7 0.423118 0.454078 0.015553 0.091644
11 0.438671 0.455701 0.011311 0.076358
18 0.452633 0.467401 0.018028 0.065273
13 0.466419 0.499422 0.023683 0.067737
6 0.487098 0.476638 0.015553 0.076358
17 0.578296 0.453854 0.007777 0.077589
18 0.592612 0.452622 0.014493 0.050495
18 0.607458 0.453854 0.016614 0.057884
5 0.627784 0.484643 0.014139 0.080052
6 0.645104 0.452622 0.016967 0.067737
19 0.195299 0.435380 0.017321 0.025863
18 0.291092 0.172439 0.017321 0.068968
18 0.304525 0.165665 0.013079 0.060347
18 0.318664 0.164434 0.013786 0.060347
8 0.423825 0.578243 0.015553 0.092368
15 0.442382 0.573317 0.017321 0.075126
14 0.461117 0.567159 0.017321 0.062810
19 0.714210 0.413212 0.019441 0.020937
9 0.830329 0.310375 0.020502 0.054189
0 0.914988 0.307296 0.018028 0.084979
16 0.844291 0.458780 0.014493 0.040642
3 0.813185 0.306681 0.013079 0.059116
3 0.875398 0.318380 0.014493 0.055421
14 0.814952 0.455085 0.014493 0.048031
9 0.875398 0.462475 0.024390 0.057884
14 0.952633 0.455701 0.019795 0.056652