8 0.324797 0.245172 0.036585 0.086165
8 0.374390 0.500917 0.023577 0.058665
8 0.625610 0.238756 0.030081 0.080665
19 0.883333 0.719079 0.030081 0.029333
19 0.150000 0.477084 0.025203 0.025666
15 0.657724 0.236922 0.032520 0.087998
17 0.709756 0.468834 0.030894 0.119164
10 0.742276 0.469751 0.034146 0.113664
6 0.692683 0.224089 0.032520 0.087998
18 0.899187 0.529333 0.022764 0.049499
14 0.031707 0.465167 0.039024 0.093498
14 0.886585 0.478917 0.046341 0.102664
14 0.355285 0.455084 0.043902 0.095331
18 0.586179 0.236006 0.029268 0.086165