11 0.312195 0.305829 0.027642 0.094271
11 0.341057 0.303719 0.034959 0.095678
17 0.915447 0.585125 0.017886 0.084422
17 0.638211 0.619598 0.032520 0.083015
2 0.456504 0.485226 0.034959 0.059095
1 0.718293 0.140503 0.030081 0.084422
7 0.284146 0.621005 0.034959 0.091457
8 0.943902 0.577387 0.045528 0.068945
9 0.671951 0.614673 0.043089 0.050653
12 0.756098 0.145428 0.034146 0.063316
18 0.277236 0.072966 0.039024 0.067538
9 0.176423 0.074373 0.045528 0.061909
5 0.212195 0.073669 0.030894 0.077387
5 0.054065 0.937587 0.026829 0.083015
19 0.882114 0.663919 0.026016 0.028141
2 0.440244 0.960803 0.033333 0.056281
2 0.318699 0.967838 0.032520 0.056281
10 0.408537 0.961507 0.028455 0.054874
14 0.475610 0.962210 0.035772 0.056281
18 0.172358 0.964321 0.029268 0.052060
19 0.176829 0.927738 0.038211 0.021105
18 0.077236 0.955175 0.029268 0.050653