19 0.150000 0.111119 0.021951 0.024359
17 0.129268 0.103289 0.030894 0.106138
17 0.355285 0.494780 0.014634 0.064379
14 0.404472 0.111119 0.033333 0.080038
14 0.384553 0.917591 0.032520 0.088738
14 0.524797 0.908891 0.026829 0.067858
2 0.114228 0.499130 0.021951 0.059159
2 0.625610 0.507830 0.020325 0.059159
12 0.569919 0.199857 0.022764 0.055679
12 0.873984 0.504350 0.026016 0.066119
12 0.395935 0.496520 0.024390 0.071338
9 0.084146 0.506090 0.034959 0.041759
9 0.600407 0.515660 0.036585 0.043499
8 0.059350 0.491300 0.021138 0.064379
8 0.372358 0.498260 0.022764 0.071338
8 0.463008 0.911501 0.028455 0.080038
7 0.493089 0.908891 0.028455 0.071338
7 0.847154 0.498260 0.030894 0.071338
14 0.974390 0.500000 0.026829 0.074818
14 0.462195 0.391252 0.015447 0.052199
19 0.935772 0.553939 0.021138 0.026099
19 0.419106 0.907151 0.030081 0.022619
19 0.420325 0.936730 0.026016 0.026099
0 0.445528 0.388643 0.022764 0.074818
0 0.546341 0.198987 0.019512 0.067858
0 0.575610 0.491300 0.024390 0.078298