6 0.382520 0.163908 0.041463 0.066783
6 0.930894 0.549361 0.035772 0.082753
6 0.958130 0.694541 0.036585 0.082753
10 0.391463 0.587834 0.034959 0.063879
10 0.250813 0.752613 0.036585 0.076945
9 0.491870 0.341028 0.068293 0.046458
14 0.186179 0.354094 0.029268 0.040650
14 0.547154 0.332317 0.040650 0.066783
13 0.336992 0.184233 0.031707 0.058072
5 0.150407 0.362079 0.034146 0.059524
5 0.879268 0.590738 0.044715 0.081301
5 0.914634 0.733740 0.042276 0.082753
16 0.193496 0.765679 0.040650 0.053717
16 0.636585 0.215447 0.040650 0.047909
17 0.027642 0.342480 0.016260 0.060976
17 0.563415 0.554443 0.019512 0.078397
17 0.063415 0.761324 0.026016 0.065331
17 0.303659 0.162456 0.015447 0.058072
8 0.173171 0.597271 0.050407 0.091463
8 0.610569 0.564605 0.048780 0.084204
8 0.433740 0.327236 0.046341 0.076945
1 0.325610 0.333043 0.049593 0.094367
1 0.672358 0.560976 0.037398 0.094367
1 0.294309 0.588560 0.039024 0.068235
1 0.101220 0.759146 0.036585 0.066783
1 0.200813 0.849158 0.001626 0.000000
7 0.064228 0.338124 0.040650 0.072590
7 0.733740 0.555168 0.036585 0.082753
8 0.108130 0.337398 0.039024 0.062427
2 0.683333 0.206010 0.043089 0.075494
15 0.228862 0.161731 0.043089 0.079849
15 0.783333 0.566783 0.033333 0.071138
15 0.140650 0.756243 0.037398 0.052265
18 0.602439 0.195848 0.035772 0.069686
18 0.255691 0.585656 0.038211 0.053717
18 0.810976 0.696719 0.043089 0.055168
4 0.550000 0.721400 0.044715 0.075494
4 0.266260 0.162456 0.034959 0.078397
12 0.871138 0.705430 0.044715 0.069686
12 0.345528 0.579123 0.034146 0.069686
12 0.834959 0.555168 0.032520 0.091463
11 0.619106 0.712689 0.043089 0.069686
0 0.697561 0.702526 0.042276 0.078397
0 0.371545 0.330139 0.042276 0.085656
11 0.564634 0.190767 0.044715 0.085656
3 0.758943 0.693815 0.034959 0.069686
3 0.215854 0.583479 0.038211 0.072590