2 0.04695832820715907 0.6471164955966349 0.07321438783134425 0.12585332241513647
4 0.08445140725553629 0.6449622593326836 0.05866485741900701 0.12501735143507187
1 0.11207160614041528 0.6398493408858976 0.05862427304084368 0.11443644367371031
2 0.3872513276204709 0.32080396088040913 0.0627004911223637 0.10761875591499115
4 0.42268608450271333 0.3205309630946611 0.05746459377256008 0.10379197014479496
6 0.4635563769134623 0.3128937616309746 0.06158123810482968 0.10755444710120193
0 0.5097058808307747 0.631106295585365 0.05034904049434502 0.09633123784737885
4 0.5302307395628132 0.6281640270784321 0.03839762503933708 0.09211859919444676
4 0.5479279048785597 0.6333176105431211 0.042494056246231704 0.09059099379329072
4 0.6713516148741341 0.5936110535467338 0.04059494600805069 0.08166700850770359
4 0.6959736636286724 0.5921963468417611 0.046550820017982164 0.07848326727620436
0 0.6448701233165587 0.5933696244213632 0.04659124626873168 0.08906343199133038