2 0.10537087388357769 0.8397367129577333 0.04666605933845401 0.15121585840224527
4 0.14207608102211278 0.8294714526460916 0.04037646647657042 0.14998667463332815
1 0.17179177155256498 0.8170919157914598 0.04314354744746032 0.1391343400638173
2 0.4026285900728734 0.4052526725982387 0.05311985161398469 0.13185387403242382
4 0.4440261271864778 0.3936721874139875 0.04874039647571621 0.12713706954298554
6 0.49028623489785017 0.3726161661622004 0.054036315794063705 0.13332496489957152
0 0.648657630495423 0.7014417563193087 0.04789806571006783 0.1275882145780719
4 0.6741703441727511 0.6922509049065528 0.033773378644882945 0.11969619229011508
4 0.6990850448285904 0.6929659724918751 0.0398477839816862 0.11968361620438805
4 0.8493115320483433 0.6104600168798672 0.04160662771125789 0.11059677029756831
4 0.8705019587125841 0.6040464391256 0.026979677158651016 0.103311664874019
0 0.8134354273701503 0.6183568642054809 0.047706107946812515 0.12058634879643737