2 0.026593334784727047 0.7106041199323405 0.053186669569454094 0.1294659595963089
4 0.05938388454547837 0.7119929753870471 0.051508336785746504 0.1289270016022077
1 0.088283192663112 0.7092858497714223 0.05238035081243763 0.11790278991340875
2 0.35301860704033217 0.39867384861029254 0.057300254978614795 0.11070582282204183
4 0.3906380820398822 0.4018515877476757 0.05206902455475371 0.10683788838810065
6 0.43339492104815736 0.3977701550351155 0.056116810977180465 0.11066436235258847
0 0.5099422574566631 0.7389364496668054 0.045155291041502676 0.0992263447109929
4 0.5314917731891703 0.7378316215669206 0.032823396609034994 0.09510964746033124
4 0.5507375695608205 0.7450151326024461 0.037307241903336785 0.09342440089689164
4 0.6784190043312042 0.7150822085135351 0.036061600020738216 0.08416909923459048
4 0.7044531676929294 0.7159942826239238 0.04266400727630537 0.08071574138639048
0 0.6502662790082134 0.7122361250229862 0.04179188953255475 0.0917391824422451