2 0.19044563275670023 0.4002060039921389 0.05270513393171361 0.18553724278310785
4 0.22249910229182246 0.43096856200067224 0.04879757439602139 0.18154368131764237
1 0.2496305336132595 0.4519401541991973 0.04994227627848183 0.17093530926836592
2 0.48903445379926724 0.27456693792518544 0.05574977944262477 0.1650602839637715
4 0.5249537926523211 0.31012513704905104 0.051098523509426674 0.15717799083941045
6 0.5656185564365999 0.3408681226319571 0.05546459409469584 0.16522955755672325
0 0.6574711036899668 0.8582242756978482 0.047125387383880946 0.15122032816141284
4 0.6786718510580185 0.8759021337449446 0.03487584570262803 0.13579121024266283
4 0.6981438277231233 0.9029032175295917 0.039536365899935144 0.13833510276432648
4 0.823597964726436 0.9564692808683259 0.03899499548585539 0.08706143826334822
4 0.8498145852729793 0.968273453676763 0.04584578102416903 0.06345309264647403
0 0.7952375801107356 0.9384947917052779 0.04475821803114488 0.12301041658944412