2 0.20378030297582234 0.6223671214039981 0.0956337822876866 0.16447092505825422
4 0.25004517228475565 0.6071957077911929 0.07646949775952075 0.15864097966294666
1 0.2835593159104347 0.592454380112599 0.07533275892597616 0.14722079071872707
2 0.6037712514965092 0.1119162766560015 0.08396656435775829 0.16963821528988285
4 0.6537826714532221 0.09697380294070321 0.07543825061762988 0.16230999374173777
6 0.7118541612987812 0.07727456043076442 0.08115604159325074 0.15454912086152883
0 0.7906576847518049 0.44196380618061637 0.06205456577566193 0.12615222064068732
4 0.8172208478175728 0.4313197605307575 0.047461496775682566 0.11761558440259245
4 0.8405333395873458 0.4306859905031725 0.05347720852070814 0.11734117517627196
4 0.9878564293530854 0.339658915318703 0.02428714129382925 0.11082928197641373
0 0.9684061194860272 0.34915323142052046 0.06318776102794577 0.12131305633338813