2 0.4003757402776492 0.8758225417027201 0.07858017001071205 0.18293377591422033
4 0.43455191214217215 0.853352689247978 0.06708420624475547 0.1731054549582549
1 0.45919842439127334 0.8323224653325721 0.06547189568997985 0.16169479005480203
2 0.5797477619154773 0.3006855016604151 0.07947676888951793 0.18141586155674788
4 0.6168010818326437 0.2792355331542556 0.07437608077892899 0.17298289003994727
6 0.6559620619178674 0.2449590538932922 0.08022898880565532 0.18185717940883991
0 0.8431613836781366 0.5976106743627749 0.06169802277755476 0.13953242557055
4 0.8617530730519652 0.5829312611385253 0.05028686209797928 0.12672602092621787
4 0.8808943683013146 0.5787328552325819 0.05408102207022569 0.1279048706429987
4 0.9790613235910148 0.4650065318255764 0.04187735281797034 0.1197306906083489
4 0.9893781440747995 0.44984835664844236 0.02124371185040108 0.12025262146343046
0 0.9590823667902175 0.47947652945471336 0.05989535460753226 0.132061436359311