2 0.12928917983854926 0.664304548421624 0.06300444863230112 0.14199499955513462
4 0.16427699381373045 0.6502699829045315 0.049427109122887586 0.13654875872889027
1 0.1887879945003758 0.6366096923410067 0.04985168026326556 0.12656872762036842
2 0.3369068765079065 0.24796159748702284 0.05396380230172648 0.12145178920676014
4 0.370605720701061 0.23635820303264365 0.049231901678251255 0.11617048362985172
6 0.4068496350742048 0.21607739093460632 0.05291933710007923 0.12103282575527852
0 0.5649071174936231 0.5010511050850175 0.04290007981224042 0.10686419474444414
4 0.5834287009348281 0.4917074631373828 0.031901387978881424 0.09906910845864542
4 0.6021547101263834 0.4908954061797106 0.03580116670902589 0.09894181031455451
4 0.7056427159714864 0.41397213924724263 0.03441429688680797 0.08992747077955587
4 0.7286195341837243 0.4047555114006808 0.040126340167804586 0.08883551567444664
0 0.6802988852795091 0.422224110132786 0.03970165355117128 0.09881479621348166