2 0.15470981636455863 0.5451226372387393 0.08315463700177293 0.1658202042498675
4 0.1974800283296938 0.5405557102855818 0.06469721749666094 0.16254172452556348
1 0.22676458158965473 0.5330128637381023 0.06373111657224564 0.1480927664982314
2 0.3906620817312173 0.1227115047624649 0.0635975335378704 0.14416042914635951
4 0.4287967632913837 0.12457728804738177 0.056800512252847435 0.13751298291434638
6 0.46888405761041196 0.11700708499170939 0.05954594016543585 0.14141874704701274
0 0.6355272519283874 0.507936384938841 0.04247021378628768 0.11301082124649997
4 0.6538324170214389 0.5038500091932092 0.03110534851073965 0.10730565996026609
4 0.6720706532489547 0.5092228616637211 0.03451531205133718 0.10510077082125158
4 0.770701829310442 0.46099340390474947 0.031051447748773664 0.09292120933145565
4 0.7919109790309273 0.45894491380053226 0.035922993818989 0.08896813485321742
0 0.7470154221001947 0.46127120433606217 0.036493522609610585 0.1020215790554519