2 0.081121 0.610493 0.061947 0.16574
4 0.130531 0.610493 0.042773000000000005 0.16574
1 0.165929 0.605689 0.045722999999999986 0.151327
2 0.44247800000000004 0.192541 0.053097000000000005 0.14171899999999998
4 0.489676 0.19494300000000003 0.04719800000000002 0.13691500000000004
6 0.542035 0.187737 0.05162200000000006 0.14171900000000004
0 0.693953 0.624905 0.03982300000000005 0.12730700000000006
4 0.720501 0.622503 0.02507400000000004 0.12250300000000003
4 0.7455750000000001 0.63091 0.03097300000000003 0.12010100000000001
4 0.898968 0.586473 0.03097300000000003 0.10809100000000005
4 0.931416 0.586473 0.03982300000000005 0.10328700000000002
0 0.863569 0.584071 0.036873000000000045 0.117699