1 0.3965145392109097 0.646799067271211 0.038882537669175044 0.06661331738913212
2 0.4078879900731749 0.5189176488921801 0.02902652751494078 0.05602712314435915
6 0.4258889064638089 0.5267730700563985 0.027300727810631864 0.05345787111846878
2 0.4964411813276393 0.4210102806520234 0.022220144380987628 0.04480614712153641
4 0.5090365123491605 0.4303125614425769 0.022964802207550872 0.04628445417578081
8 0.5210498315997842 0.44487570565623036 0.01959558561343533 0.032870081043630595
9 0.5386528739931941 0.4457589242592005 0.026792003410603282 0.04980761784582072
7 0.6107666550305288 0.45525012495089107 0.026137606556961512 0.049939002842775415
10 0.6239727764955159 0.4635984632616605 0.02410013315048032 0.0505678676281508
6 0.6403527606063826 0.4706291619050268 0.028083915537982063 0.05320988487314221
3 0.5646027247536369 0.6213619192940365 0.025707036526905758 0.04670767918998242
4 0.5805888889465955 0.6319099819108693 0.021317779007055893 0.03944116622204641
6 0.5960810573316666 0.6414731851247871 0.02677634786040728 0.04940254496859531
2 0.701372458625765 0.8599644316368711 0.029484056447985463 0.05674952451344495
6 0.7219281029325813 0.8738768971105584 0.0314400869974647 0.06002714954379573
7 0.8046390601846299 0.9136724903726052 0.031410888325860586 0.0581331934722531
0 0.8217489516377545 0.9253623032880879 0.02799171524821842 0.0579202074230909
8 0.837245326819209 0.9404002659414747 0.024616380768785695 0.04133843358865452
9 0.8593192023117817 0.9461692552908211 0.030437551623264114 0.058565800689223346
3 0.733882686770605 0.7271685590966874 0.029470179575802447 0.053781975657992365
4 0.7496876645221102 0.7382734583193646 0.021631953241881274 0.04325130705995661
4 0.7629049648195102 0.7433640775715811 0.021353769579719017 0.039132448155048905
11 0.9845992099300662 0.7238454680162191 0.030801580139867557 0.06343788241431447
2 0.995967676357937 0.7357304817771764 0.008064647284126036 0.05605289767175892
12 0.7183717486995371 0.504953480657344 0.022727493716225067 0.03751903543400581
13 0.7294536957087836 0.5109540557837584 0.018298587582645687 0.039021693809155766
9 0.7472763828482392 0.5178751595725359 0.022899355920093956 0.04255995537417645
5 0.6511827569760261 0.29653802761635384 0.026414242886815487 0.0511006202071263
10 0.6667425616272044 0.3075966512553485 0.024671318880382653 0.04996342221655736
6 0.6834231304414136 0.3173698801875521 0.02895301167749864 0.053796473624132146
2 0.7512828123181345 0.2651186763038259 0.02141175692389996 0.04098954524776971
0 0.7656707082931307 0.27293895705760085 0.022455390712824763 0.03946788392368966
1 0.7830110221093267 0.2826528198638856 0.026720112223070247 0.040005501299868185
2 0.7315816576005403 0.3425310562925607 0.02341809165800457 0.04481373106809372
0 0.7460414090519457 0.34826062451678463 0.021362684414468536 0.04541765119245039
9 0.7685089869547777 0.36496603067049527 0.024633270321496648 0.049566512285041
11 0.8199895380731679 0.39251044206103447 0.028409874593278373 0.048214050848728485
6 0.8401828306155021 0.4024754725697636 0.03079981645194174 0.05471771885906229
5 0.8785527208072643 0.4417881186904242 0.03607629500110232 0.0592453625644076
0 0.899882207385053 0.45580502276693347 0.02923131388554112 0.05866102934188705
14 0.9145348700116462 0.46964662161594084 0.024838819410562873 0.041031238281909854
9 0.9325983753913099 0.47327481264418814 0.02423392485558795 0.04605202642933176