1 0.01924888993589401 0.7911830339208649 0.03849777987178802 0.06313226147289841
2 0.026138404113002944 0.6663248775309334 0.029889901411140354 0.05481943890563612
6 0.045590328533423624 0.6570721896143548 0.028055986820899576 0.052455375346147415
2 0.11720707064179456 0.49843422573687635 0.022751866979507693 0.044221620456507627
4 0.13089152874969265 0.495452934889137 0.023501533632066862 0.045653547535703
8 0.14411333996320386 0.497720997399904 0.020327832476946833 0.030858510961061403
9 0.16281523323336455 0.4826869633247677 0.02756292286998277 0.04809730038475113
7 0.23942826617387863 0.4265046207500799 0.02675444498463328 0.04845073800580696
10 0.25362599023917015 0.4221636820782548 0.024467398973315152 0.050156181007318335
6 0.27111556996238484 0.41381092844082024 0.028726412140561597 0.05145836964519368
3 0.19578559471412965 0.6165594592480048 0.026400193730256566 0.04473646353348926
4 0.21298978192628987 0.6115999770721621 0.021845740541423825 0.037934635723044674
6 0.22962205948778774 0.606213996990931 0.027424870304295218 0.0474537323048535
2 0.3466304458279705 0.705977315939036 0.02988990141114045 0.05481943890563623
6 0.3684983489852389 0.6998918572166442 0.03186094089669461 0.057826057106619255
7 0.45573123409528504 0.6611998926619767 0.031782627234171634 0.05539813776487412
0 0.4738129254756386 0.656272064067241 0.0280754892506323 0.056668659388143694
8 0.49028764804171626 0.6557429361079041 0.025020338231466988 0.03830390685140339
9 0.5133082933822877 0.6411910646567398 0.030638640393325534 0.05625035254642785
3 0.37680881022269735 0.5591077827384296 0.030008284007573605 0.051248941914314505
4 0.39363854417400446 0.5548641478975944 0.021865242971156662 0.042147919765041286
4 0.40757907294632234 0.5475965127235258 0.021707687975736245 0.03729106764314705
11 0.6398998775788094 0.3314088143432569 0.036593515585125025 0.059273036663894385
2 0.6589967906140008 0.32587063330817645 0.027187937571907184 0.05459394525827371
6 0.6767435656301889 0.3204445761729854 0.02955422491612225 0.05531743503691117
12 0.3541981726242377 0.37488451157939306 0.023384047570556843 0.0347982790807419
13 0.36599935982830545 0.370375003259872 0.018473351382528536 0.038706147776635946
9 0.38487937459806376 0.3606958174379049 0.023343978636646612 0.04079669541380887
5 0.27731481099971206 0.24782707140936694 0.0270305501160083 0.049737874165602575
10 0.2940756862076967 0.24390443957925761 0.025137824292977062 0.04915917530636474
6 0.31195975365871975 0.23783504677334905 0.029672775052077105 0.0517477190748126
2 0.38233754997828 0.12826258680768418 0.022751866979507596 0.044221620456507696
0 0.39727472564607735 0.12459686979686377 0.02312761240843597 0.03772520799216568
1 0.4161152035191479 0.11613175985035948 0.02847104105288545 0.03996031413955781
2 0.36339512146597663 0.21760073855424866 0.023895853820353696 0.04336940567495379
0 0.37875481454014187 0.2098991954403419 0.021608807809035735 0.04507484867646519
9 0.4028112480397287 0.20494867192389643 0.024999771727289566 0.04851560722646692
11 0.45749023981987275 0.18402330853648854 0.029101229899115677 0.04496094374244802
6 0.4788645469890018 0.17508343256696288 0.03142820844027355 0.05168308226333307
5 0.5199388228959168 0.17634969834036182 0.03690952211088894 0.05456097546139976
0 0.5425166882695349 0.1700471694434607 0.029494653552479377 0.0571025673279818
14 0.5581139066674192 0.16948638790301707 0.025355087056111003 0.03780489728172495
9 0.5769740545097439 0.1568072128852932 0.024507467907225355 0.04415776467425128