1 0.27056966108501906 0.5950402042211327 0.04298640827420286 0.08393267891647727
2 0.2883811298864869 0.4274124931419699 0.03158417580165168 0.06838488596458414
6 0.30533283343478046 0.4344534478542471 0.030020097986427796 0.06562561259766858
2 0.3782809834947902 0.2885018779844404 0.024333627783671763 0.053671959651977186
4 0.3901761703828299 0.29786292118727664 0.025319337949180953 0.055676322269195
8 0.4013915871220043 0.31396029612434234 0.021132565790866475 0.03891579363163611
9 0.41864474756737713 0.31197091692682655 0.029543911496457298 0.05984644842943393
7 0.4900624047353197 0.3109133930220963 0.029717774299186928 0.06081610088599343
10 0.5031659532738676 0.31918473740339554 0.028070757737460206 0.06247532253130028
6 0.5196059543988771 0.32525859930204293 0.03233954196226174 0.06526657162756094
3 0.4389982823977512 0.5357502183122042 0.03003594490079703 0.05964040988802832
4 0.4549733739648832 0.547343269073453 0.025197368261452024 0.05071586535309447
6 0.4705955056712861 0.5578652335408664 0.031888603967344165 0.06382654429725121
2 0.5781767849223777 0.8501572975102031 0.03930057989792468 0.08041878155203896
6 0.6006403514277483 0.8681373175766249 0.042329964999473946 0.08566430497264343
7 0.6932752018909899 0.9178011215364283 0.04381992152739134 0.084889950088745
0 0.712890200880816 0.9335303898333438 0.040357626949772296 0.08558912195337542
8 0.7308912268876488 0.9546085939831439 0.03439613557421228 0.06090846970555841
9 0.7565252077965993 0.9587435637649196 0.04409970612903802 0.0825128724701607
3 0.6145352583148143 0.6552616632877506 0.0376605911179958 0.07265118195542586
4 0.6316295032494114 0.6685670071145202 0.02838692396479603 0.05917784544414195
4 0.6460426815927927 0.673858647636004 0.027719687205941868 0.05336411894677284
11 0.8984901778541403 0.6121831870803812 0.049945668404020815 0.0877218597757583
2 0.9202219907675802 0.6265466688353041 0.03921995092240116 0.07914965123471818
6 0.9336463318230349 0.635499502687995 0.028393953917188686 0.07308370483073279
12 0.5993340159830518 0.35563995030227447 0.026482190411027284 0.046141507323591624
13 0.6108431374090346 0.36151837311747803 0.02247198851601795 0.04958986408153937
9 0.6295040267580482 0.36745576232095256 0.02760385055673531 0.053518010748198674
5 0.533484418835277 0.10436527310250174 0.029228489828341586 0.06000956625666183
10 0.5487897763803968 0.11474059434702666 0.027746304428068136 0.059276004659539264
6 0.56536757446512 0.1233684927640559 0.03234477317932982 0.06349665029887132
2 0.632912474697233 0.04904095034994665 0.02231012306005553 0.03996596683395985
0 0.6475942419078469 0.05579876875202887 0.02315069296086958 0.03751153041723785
1 0.6651733328232446 0.06423356616084538 0.027466440186523222 0.037054830392047405
2 0.6138565777536479 0.14479725204509997 0.026914708476508453 0.053823740791580255
0 0.6286065329610728 0.14903150294793907 0.025202040669374037 0.05538078545310959
9 0.6517193668425836 0.16551261300011097 0.029114342577754804 0.06054241317432191
11 0.7055377447850661 0.19014964008732316 0.033421637301246254 0.05864408655416406
6 0.7269634668440199 0.19889500998216178 0.03687335806509451 0.06732896026990531
5 0.7685779644908501 0.24233296763028137 0.04361472946717937 0.07330732465867301
0 0.7918837992758174 0.2565642569250012 0.03707514693123681 0.07478022341413776
14 0.8081571209316869 0.27196550279350995 0.0306587415614471 0.051465641382767824
9 0.8280257520536572 0.2732524362550529 0.030920505768430973 0.05896547596572019