2 0.25865085007530747 0.9200471766861715 0.029815737300772027 0.06845012399072947
6 0.2778736303982734 0.9019083201264271 0.02794300064238464 0.06524915405074039
2 0.293205857075282 0.7106270099033691 0.022587194996696147 0.05459568536223269
4 0.30829924554453386 0.7013922149016625 0.023332527689296945 0.05636944929315013
8 0.3251737239274659 0.6976151704662683 0.020556165934299098 0.04013237894713473
9 0.3409235376480453 0.6740412058324348 0.027601045780866806 0.06066825481498894
7 0.40784883268882827 0.5828715325275223 0.02671488615065154 0.06065192447447765
10 0.42295298563907835 0.5720432707052278 0.02417746911977592 0.06131094274956039
6 0.44022163150785915 0.555700820568624 0.0287083915408195 0.0645591894028591
3 0.4400652669104347 0.7927641451020169 0.026494508680992956 0.05677789996059246
4 0.4585016429050583 0.7799434291392144 0.021884035727905315 0.04789819520300209
6 0.4760619616543811 0.7669578892524815 0.027480277049086343 0.05996195982659669
2 0.6608620351183574 0.8131773507110223 0.02981573730077225 0.0684501239907297
6 0.6843933665649597 0.7970995044808722 0.03180828746686626 0.07235595203152534
7 0.7718457055529684 0.7185555381646235 0.03182930089677394 0.06989366034031264
0 0.7913491011474885 0.7053653443671133 0.02778116027486266 0.0694688793323589
8 0.8108819118570716 0.6973058247503916 0.025287407619167368 0.04971837869311713
9 0.8320284562950859 0.6722396101660795 0.030560114769299318 0.070222451034061
3 0.6317091955290983 0.6525993129846329 0.030098199836079753 0.06493583654339097
4 0.650014846971022 0.6406651891205521 0.021722195360383223 0.05211792048462105
4 0.6635078589322795 0.6270295145727852 0.02176326699612474 0.04719190021460995
11 0.846059076690052 0.30477338811193744 0.0368430051169496 0.0759653726389567
2 0.8665090162806777 0.29050913579955173 0.02691520541447623 0.06698967756716129
6 0.8853888031384509 0.27697409838842035 0.02943256423951801 0.0687943878708771
12 0.5225896329608926 0.4788196605450227 0.023677075290253646 0.0454668498845881
13 0.5347431186078657 0.4689184005417706 0.018218112943174547 0.04712771342731509
9 0.5530898416855308 0.4506147200580957 0.023373599325038463 0.05144342902313914
5 0.3737889935442963 0.38698069269799595 0.026956423614212577 0.06206451445126243
10 0.3921548827881153 0.3753988591739994 0.024942860018210666 0.06062097810167921
6 0.41091309225402933 0.36115810650794933 0.029715173338820344 0.06528095757765079
2 0.44659531802655095 0.21947982597756388 0.02258719499669609 0.05459568536223269
0 0.4628872593084778 0.20898838130895414 0.023273844023165458 0.0482748423435341
1 0.4817268665701896 0.1919161365376224 0.028932316973990513 0.05295115216001697
2 0.4636259729768981 0.31742423758179733 0.023856381124170767 0.05426689466848433
0 0.4786287533051179 0.30270620063857984 0.021318964093295145 0.05492591294356697
9 0.505291243056584 0.28676223195956174 0.024822091286430148 0.059914683113286904
11 0.5615886487683857 0.24085503204909856 0.029394085343215193 0.05823690949657473
6 0.5832573459415151 0.22215007020380567 0.03160877686312047 0.06601877867231523
5 0.633106619538627 0.20464027531063111 0.0373878719817311 0.07140052632307836
0 0.6573932394987496 0.18802095801601904 0.0292909286418247 0.07055124172780938
14 0.6758590306084364 0.18033091623400477 0.02566962545634799 0.0493726779253838
9 0.6928467680776735 0.15903808902694225 0.0244809450849911 0.055334363611009296