1 0.22620582945327622 0.9901195414464581 0.0403623995159636 0.01976091710708372
2 0.18706445279025743 0.8898916147005232 0.028966267630225584 0.07281449961325959
6 0.20899991030244996 0.8702076654971609 0.026955289792576914 0.06931799559090346
2 0.24047013162889597 0.6665272495963431 0.02168329601392402 0.05851738233080561
4 0.25736145135895644 0.6564385734688418 0.0224133196965223 0.06039760827883789
8 0.2756913767813345 0.6521892201195817 0.02069319086582372 0.043032696940942694
9 0.29440357072847967 0.6267744275075415 0.02714085250167758 0.06502133023822843
7 0.37308941094555814 0.5285733164558838 0.02618794129939067 0.0650798990250741
10 0.39000331740756455 0.5168824795227047 0.02312442853650659 0.065751075133679
6 0.40965821131768543 0.4992910516690091 0.028229010571308277 0.06924900212120794
3 0.38946152201527273 0.7513120552638515 0.026004674343330703 0.060081756403042696
4 0.409866867928001 0.7374576559772301 0.021394586674404137 0.05065517842599354
6 0.4293466118430711 0.7234505557678392 0.026893243412598744 0.06339561498887969
2 0.6162338814384818 0.7683521591657393 0.0287654238409073 0.07134051556362242
6 0.6416941729242911 0.7511923725317715 0.030759672345680222 0.07538393907914154
7 0.7377013752212933 0.6681830662598103 0.0310585396459907 0.07279354670753102
0 0.758634400831805 0.6542160323865225 0.026511697695585923 0.0722577569377324
8 0.7790744968684687 0.6456217722241951 0.025096235638148556 0.05176600577126167
9 0.8027434519460754 0.6193326478394411 0.029646547638959464 0.07304786307753264
3 0.6008804175525173 0.6008908214168966 0.029614086500377 0.06846727414194997
4 0.6207905626780377 0.5881655407876913 0.020965030553469433 0.05490078431504597
4 0.6358939664223757 0.5737068400667416 0.021410206807076393 0.04973462773335069
11 0.8528479064675485 0.23303819429603356 0.03695672777402159 0.08063017230645561
2 0.8749677682085827 0.21812061382179626 0.026293952555764166 0.07116605616021268
6 0.8935472797921532 0.20523093506929002 0.025338118347709715 0.07052671073269637
12 0.5030420109049267 0.41677443464272923 0.02400674259627944 0.04874112461487334
13 0.5166559570079685 0.4061692422814345 0.017462440070002194 0.05052623639456072
9 0.5374890511058695 0.3865869581405946 0.023170329303605408 0.055141855867433864
5 0.3532530970379615 0.3168493665626809 0.026618813230807115 0.06753375279218371
10 0.37388355092213726 0.30437851133690486 0.024352886309994104 0.06594892447406181
6 0.3951319984782409 0.28903470876222903 0.029655013073140835 0.07096553741748624
2 0.44545177455173823 0.1346634018929036 0.022267318172233153 0.05977395626608789
0 0.4637403924306123 0.12347156662098305 0.02362805082891506 0.052752093648183215
1 0.48529983196715026 0.10511939766613336 0.029968817489984034 0.05776075504316128
2 0.45501180010340736 0.2419880748393828 0.023684507586956227 0.058965247571863555
0 0.4722169935890006 0.22614909262069285 0.020635852216163653 0.05972613408731259
9 0.5018526444202083 0.2091540154554685 0.024387860261105843 0.06508161941583807
11 0.5653293198890288 0.16009024789375292 0.0299483775473105 0.06310380440284147
6 0.5897956161159088 0.14011686361582099 0.031952701155889995 0.07155398657457535
5 0.6435641033746371 0.1220264652295644 0.03828130516653594 0.07714602049561876
0 0.6704267099256618 0.10445567580820342 0.028936136831413384 0.07638221234571291
14 0.6903455077780178 0.09651636295631463 0.026252245456437118 0.05327910646328583
9 0.7100037420337019 0.07377015734597975 0.02447291988046918 0.059840737873276664