2 0.010523568702154889 0.13924221682291837 0.021047137404309777 0.04645465141633223
4 0.022850273304971185 0.14749735621877302 0.028615115511292172 0.048050919283929336
8 0.03891492244404728 0.16142966707252887 0.024311810013432925 0.033941908277781346
9 0.05868309836025242 0.1602753255494242 0.033398275842984396 0.05186534645406746
7 0.14250022181478886 0.16198840376749718 0.03294510226108088 0.053127332145775974
10 0.15934627779614102 0.1693986566205964 0.030332495980319285 0.05397499299414038
6 0.1797594423949278 0.17506280855449896 0.035479032656890036 0.056900215827486694
3 0.11991620336519651 0.3398635620381961 0.03112200605900166 0.046635372958255095
4 0.1397287085642257 0.3495383072807656 0.02581542706355383 0.03947853658109557
6 0.15891512261710067 0.35823120209760984 0.032458476033765726 0.04955622647456209
2 0.3167084745150716 0.5749273186949333 0.034735443658046594 0.055455693939484685
6 0.3430981308805976 0.588581749778823 0.03709511643456859 0.05880444004948171
7 0.4487950744976879 0.6281369628195408 0.03743416996442861 0.05773744877528286
0 0.4715757260038843 0.639973650060476 0.032675167948971184 0.05759469655305738
8 0.4929536466694463 0.6553535190156382 0.02985099696890753 0.04120099396789523
9 0.5213863409299775 0.6612874868524857 0.03608730794204551 0.05859682198412841
3 0.33430047210836733 0.43860493673832 0.03604288846668563 0.055018743394963876
4 0.35516178969986567 0.44944280878846 0.02618598539406497 0.044341302758107604
4 0.37204015694920073 0.454163106566629 0.026157691293335894 0.040223493410410316
11 0.6595627293213027 0.42184242326745036 0.04684657518601132 0.07087819393747147
2 0.6862085156055333 0.43409679548510904 0.03394969625317179 0.06252168771707706
6 0.7047941466429479 0.4420696783698912 0.024605212007918875 0.05824178099210631
12 0.2789884360422981 0.20358035682878606 0.02914473735036971 0.04073341278783396
13 0.29352253481810925 0.20890980935302295 0.02309423984562753 0.04250242485516295
9 0.316578728424196 0.21455125929501725 0.029244139026266047 0.04651636476154791
5 0.16098853925461154 0.005525238622890232 0.03467499441779193 0.011050477245780463
10 0.18170148952187753 0.01017529654346669 0.03239104592867373 0.02035059308693338
6 0.20365564827301444 0.015427636413378068 0.0380819296741326 0.030855272826756135
2 0.26727400123026157 0.023397612693264538 0.030897132293695173 0.046795225386529075
0 0.28629486501450785 0.025728625080171545 0.028088412129267326 0.05145725016034309
9 0.31741061209269295 0.04086953102384955 0.03247111734842173 0.05713508698163718
11 0.38787078155844784 0.0646135010578864 0.03803641938479141 0.05616726442008527
6 0.41576592817020175 0.07304929621212822 0.041190939311525565 0.06399810264445634
5 0.4725633347825971 0.11292133327321292 0.048637549970394045 0.06950473328053328
0 0.5032076507897002 0.1262043438957826 0.03856425918709938 0.06884927648518065
14 0.5250339016458474 0.14038336745182675 0.033575376116051436 0.04836814950268703
9 0.5501090175810299 0.1421857803329408 0.032270056817573 0.05443863732582983