2 0.1381800602137296 0.955708320017358 0.024311621339585976 0.06413410206661019
6 0.1582211084884724 0.9376232015618533 0.022642505276599723 0.06109373736454693
2 0.1920839782408768 0.7595285811528137 0.018062957413525177 0.05105036823738085
4 0.20731353617051784 0.7499637357349949 0.01866259369267581 0.05270993859595807
8 0.22367822163594664 0.745330970721207 0.017674706450573757 0.037866874248498994
9 0.24097938004980035 0.7224486790015547 0.022854725227677425 0.05694415219164284
7 0.3135864952680384 0.6335488868885042 0.021871085194699658 0.05685310519102316
10 0.3289873675324728 0.622508303504886 0.018963241422745802 0.057227188554417774
6 0.34699590530674695 0.6062176625478418 0.023583173283631742 0.06053912712912668
3 0.3228778471177728 0.8256688973757822 0.02212710171783433 0.05334976835510086
4 0.34163631896097413 0.8125595482012472 0.018147190133910307 0.04496596958651189
6 0.35958169271039686 0.7993566300699475 0.02281175320173162 0.05629849495560302
2 0.5299430370623744 0.8296939892401316 0.024311621339586198 0.06413410206661041
6 0.5538565668561766 0.8132264906578038 0.02602283273188999 0.06781874933916532
7 0.6446294050262411 0.7346313503997965 0.02636474115639942 0.06560594341071602
0 0.6644358706403053 0.7211081256066219 0.021916593098263104 0.06487506665095377
8 0.6837514240541506 0.7123321939977687 0.021697590060443694 0.04689633025312767
9 0.7063150183329527 0.6877051123958169 0.02491038092210851 0.06579229775963924
3 0.5185670931337029 0.6830163138185579 0.02508045339335152 0.060997646451636744
4 0.5371121031622762 0.6707364542728407 0.0174212779555738 0.04874729887291862
4 0.5512708351434973 0.6572056636112305 0.018104218107964476 0.04432031235047196
11 0.7567594784064081 0.34661033414868053 0.03115645682003465 0.07149894380037147
2 0.7775710700664231 0.3320291436300397 0.021274036943683794 0.06257062262094337
6 0.7968217481239106 0.31822870995098773 0.02384084898775607 0.06441071985154645
12 0.43278494771048714 0.5295041501672211 0.020456274323341683 0.04293369053008855
13 0.44529734365576223 0.519520385218472 0.014168937730975828 0.0439571003762651
9 0.46452529383672636 0.5013416978062025 0.019345533845066654 0.048282952073511354
5 0.30113340168339403 0.45451394998471806 0.021957029246591264 0.05814441966310324
10 0.3196998455744233 0.44255613549241435 0.01990390942977771 0.05667257831899747
6 0.3389067270598538 0.42811063567826363 0.024609733192038408 0.06127504780117954
2 0.38702877795476676 0.29456112361307984 0.018062957413525094 0.051050368237380794
0 0.4035206160160098 0.28375232184686194 0.01964447024363014 0.04542448890902201
1 0.4230908919389226 0.2666803329492877 0.025333934038868633 0.05011800539182382
2 0.3932561232179417 0.3840776091817282 0.019517317647816113 0.05086401388845768
0 0.40895428278871737 0.3694432330625091 0.016609473875862313 0.051238097251852244
9 0.43581997454500343 0.35288877656492046 0.019860937403832046 0.056026921082957426
11 0.49378422866854327 0.30660256078374903 0.025163809417108607 0.05491187313521945
6 0.5161991843385583 0.28782868731620714 0.026620705529017186 0.06210182301018691
5 0.5651847252579807 0.2682631747633665 0.03235308919968449 0.06744021316442184
0 0.5898683811196158 0.2512435879017637 0.023456020687817603 0.06597865210856241
14 0.6081359407625984 0.24288153191155054 0.02216748571564553 0.04661833780264357
9 0.6263789568965175 0.22202743016296272 0.020073981901020943 0.05187792701099489