1 0.11558050714604842 0.4088171088025363 0.0526445223516781 0.10744200154020589
13 0.222192662725154 0.6523166793449704 0.04108261821802467 0.08923081260316512
10 0.237447748512793 0.6455884083858999 0.034293649189626046 0.08267055182445193
6 0.25644892961497495 0.641895857086671 0.04173405536348293 0.08813232122246406
7 0.33659782140795463 0.4649191420722261 0.04565175091227491 0.09603379896957931
2 0.358657767182863 0.45913148767094486 0.038645461119442615 0.09016319312759558
5 0.2788567058179021 0.36606121846236184 0.04477401202175174 0.10167777111634885
7 0.29391743368316353 0.3495413918412391 0.035511125725250725 0.08090906185631291
14 0.3160859619471556 0.3599679240898789 0.03651471553986929 0.08036941063168851
9 0.3311780980089347 0.33790109185475203 0.04511266424761601 0.10132505570706635
2 0.4388862196512562 0.41662975260592017 0.043971371320222996 0.09428497263641417
0 0.4587019222591847 0.41003706661579103 0.03727941694521697 0.0884479199384055
8 0.4770768379376375 0.4230142448534592 0.025993915602916973 0.0507069612965505
9 0.48910691019896524 0.4053238970138484 0.040369012488963796 0.08512202079763703
5 0.5523854430400023 0.4054274207840954 0.05823716205421858 0.11207502681450876
10 0.5818970816603366 0.39895014407045437 0.05179947154248998 0.11378825592054448
6 0.6097412814555204 0.3886907907465963 0.05997542880884432 0.11847312205586336
2 0.30782385733006884 0.05710012008983418 0.056428949561656894 0.10992873191284484
0 0.33747061238941933 0.053673657255007924 0.05096190589269106 0.10734731451001585
6 0.3651690063687004 0.046653452156319525 0.05897078965282804 0.09330690431263905
7 0.4371050181033448 0.042425442630332 0.05644397238531623 0.084850885260664
11 0.46505983904344894 0.035197916460042736 0.057096799088440175 0.07039583292008547
9 0.5101886072792953 0.021444514416937163 0.048361091997551175 0.042889028833874326
2 0.6847473010836733 0.24031575519498394 0.05538924598586947 0.1275100519840592
0 0.707777566777424 0.23087763507344583 0.0502487319622541 0.10718871904038219