1 0.45363991297289685 0.3674312336186998 0.053634876358862826 0.12667233742540823
13 0.46884763080480724 0.7024727723746482 0.042362864974317405 0.10943006873309147
10 0.4886130972284123 0.7016996528663448 0.03418181403905224 0.10208238476169507
6 0.510897722816922 0.70616571925655 0.04277304469577975 0.10588592175843192
7 0.6583430768828327 0.5469737519067492 0.04373060807257567 0.10645831623377133
2 0.6810902520147397 0.5516766367894712 0.036161409127962396 0.100210044017501
5 0.6372829857348394 0.41476823982514255 0.04193648568782948 0.11267657160067174
7 0.6571947816388988 0.40602503654052835 0.032994014471967814 0.0888051835176708
14 0.6744076874487936 0.4282535623123018 0.03404782893373326 0.08756099008826523
9 0.695518726145801 0.41411162499523496 0.041547790834125076 0.10934887449984454
2 0.766816151677694 0.5461516823064618 0.040367968406631816 0.0998509351007299
0 0.7858562992072002 0.5487955685148347 0.03370747206131075 0.09395180956418903
8 0.797712682211366 0.570074537613209 0.023798276440405886 0.05246889012234557
9 0.8129256105263417 0.5579861425838685 0.03650701489535124 0.08822646069524587
5 0.8646927785794833 0.5861882056195515 0.05185984889441875 0.11240231206199436
10 0.8897970227201963 0.5927498685505219 0.045598489558331345 0.11487691641074205
6 0.9139892879482354 0.5946670234542567 0.052261495925113866 0.116603795786838
2 0.7592712099943593 0.15299046978033332 0.04624011365127878 0.08090678692033451
0 0.7861499309576103 0.1604301141483698 0.04148441006019621 0.09209500604705545
6 0.8129586438714043 0.16252004454641295 0.048598881603794664 0.09347123822223623
7 0.8723377456387105 0.18720352216327524 0.04759834763392323 0.10696198537226059
11 0.8977173221414725 0.18784352592028036 0.04747582429409536 0.11099499336889154
9 0.9351929560972889 0.1964329556606969 0.03958178666837775 0.09221760514128674
2 0.9902164956311901 0.4907515083902231 0.019567008737619962 0.12050821026856906