1 0.3645213755973744 0.4533459820612161 0.03839834714086349 0.11318396224588856
13 0.426634044536254 0.7387888666283593 0.02787681187101615 0.09231017776776085
10 0.44470279761645387 0.7345131409965262 0.020985930416120957 0.08673632533853282
6 0.46600346379467955 0.7341650314862789 0.028616762303671717 0.09020491174914447
7 0.5894133008720024 0.5632375142656874 0.03020952391614362 0.09742051411236985
2 0.6134901698131752 0.5619445674572988 0.023134016728799334 0.09258113261615031
5 0.5505410102724413 0.44653431133494864 0.028123859166769294 0.10574478857193148
7 0.5699404651088718 0.4327796081623641 0.022096622478124606 0.08399561781264386
14 0.5907834601973425 0.44889097493342445 0.023276931829559144 0.08267780515044887
9 0.6111561514498246 0.42934356426130804 0.02805513134379356 0.10432284694947053
2 0.7040492987850293 0.5351182258824142 0.027573951259780016 0.09436749030158892
0 0.7252476987028598 0.5326366920199065 0.02112338606207287 0.08958020858345472
8 0.7408164166795628 0.5499011540096397 0.017324729223562207 0.04960343589890426
9 0.7563656895890931 0.5343263666068248 0.025219638816582735 0.08425597551126124
5 0.8181470894092548 0.5477381982585333 0.0381849270466198 0.10800064452184627
10 0.8479137768606826 0.5473985774534571 0.03027279228431179 0.11158966644545415
6 0.8765368251971355 0.5428703988027987 0.03783493901047741 0.11363719387893212
2 0.6472673337475137 0.13218493067470793 0.038946477877345065 0.11089655694894854
0 0.6787321382092583 0.13455908486115029 0.031658480961401114 0.114538490700064
6 0.7099938910011155 0.12624130302210146 0.03977679919263699 0.11521529364383917
7 0.7830157785861074 0.138716044627323 0.03651713135150014 0.1121102406508779
11 0.81389633256017 0.12900237105485596 0.0355430481305844 0.11769476082578344
9 0.8612549385127799 0.12291225800021045 0.029654156554346556 0.09879042655265055
2 0.9761633882106799 0.41176468015954776 0.029642433501457677 0.12428566002331931
0 0.9924302812855408 0.4077059291774604 0.015139437428918323 0.10295300510509509