1 0.3613239618777462 0.6241474051102502 0.07080360995388951 0.1169580612681439
13 0.5024849770008675 0.9151554794824626 0.05102923258699821 0.08926403573169861
10 0.5197386438092735 0.9123496373203498 0.042702735161097016 0.08400167074534504
6 0.541183489008062 0.9135397339817806 0.050729399128605634 0.08705406934116522
7 0.6237915201581665 0.7550158257964766 0.05513242265340923 0.09686627493362887
2 0.6479707663697027 0.755713200825085 0.047108655836008206 0.09208227719354123
5 0.5543251787658434 0.6337784433010232 0.0561969184557255 0.1082410039039724
7 0.5709120115304271 0.6215300384900462 0.04461727520970349 0.08614217473256913
14 0.5965852067633641 0.6398678919215628 0.04541177587122136 0.08435105312510649
9 0.612672822069765 0.6215693211205884 0.056338951978199936 0.10679083737741812
2 0.7333366420421086 0.7363754506134188 0.052677649938378646 0.09380723415829983
0 0.7541549663456905 0.7356705734174487 0.04526022184187606 0.08910366091283128
8 0.7738560686204228 0.7542331462271004 0.030452296031436288 0.04897343734245785
9 0.7858990836347421 0.7399175561558484 0.04788268485335101 0.08349533776137441
5 0.8508112248487121 0.7580644456798806 0.06722214383189007 0.10618222464217231
10 0.8803805901746986 0.7601028817996749 0.060886204108897446 0.10975122308403928
6 0.9078611372048577 0.7579194166771495 0.06891034293790221 0.11151450321072864
2 0.5740288670428685 0.31130736724948893 0.07285589695505967 0.12096876650296978
0 0.6081198196658101 0.31725606001172396 0.06672560078832479 0.12471179131271948
6 0.6391718865467391 0.3115686748478004 0.07549935638585248 0.12535107988687003
7 0.7193619932239537 0.3328865071642606 0.07157553649345172 0.12108128057910134
11 0.7493914074839654 0.3256495118349836 0.07268956365078427 0.1271748804968285
9 0.7974935365946481 0.3242468462321353 0.06118750495480918 0.10657388845489213
2 0.972935295485843 0.6357152824976425 0.05412940902831409 0.1250166171983318
0 0.9858325222950306 0.633767650021716 0.02833495540993869 0.10342021968022663