1 0.1214350650823321 0.32814502622219055 0.04495012436756941 0.11082896398294378
13 0.1999527048407035 0.6069374566367866 0.03316676358322321 0.09037081412124026
10 0.21823731968451615 0.6026589941182721 0.025875438258171207 0.08488578137558467
6 0.24003733253887244 0.6022038320677584 0.033807474366863266 0.08831724958690623
7 0.35752559458472033 0.4343934721499738 0.035804613051306444 0.09537807377426427
2 0.382119953204423 0.43299942218604126 0.028364428020103305 0.09060987400118609
5 0.3116186931255809 0.3204819133988377 0.0341244160174608 0.10350248193573458
7 0.3307716772399302 0.3069270401690043 0.02685923017228703 0.08221318113778314
14 0.35296184130450525 0.3225696307697028 0.0279885775111976 0.08093162626335731
9 0.3728094133905513 0.30334497871588706 0.03397981404625133 0.10211237305400789
2 0.47347933315933777 0.40627877432458914 0.03296742072950953 0.09237988511049738
0 0.49506326187175864 0.4037379439126923 0.02616464220059017 0.08766599913903816
8 0.511911181550747 0.4205365304414111 0.020203802880356392 0.04857404244178776
9 0.5270254596574906 0.4052225873537463 0.030044535294811103 0.082484602954004
5 0.5910077764220283 0.41800482280420714 0.04446070222876897 0.10576188576158002
10 0.6214799407557046 0.41751235189117897 0.0366142694738405 0.10922664815727312
6 0.650562099663189 0.41293016214968725 0.04440179337046102 0.11126887037257971
2 0.39429064490056165 0.03343251435603593 0.04538644897902416 0.06686502871207187
0 0.4266438020434715 0.03538853549693359 0.03817664879107002 0.07077707099386718
6 0.45823101301474545 0.03141384740726756 0.046456887459626894 0.06282769481453512
7 0.5336780098759166 0.03655340168025048 0.0429831523299935 0.07310680336050096
11 0.5648019156248391 0.03308403263908352 0.042287700663849126 0.06616806527816704
9 0.6129933141841253 0.025351746075368907 0.0353126722146796 0.050703492150737814
2 0.7457673683702453 0.28418861670648654 0.036642007182019154 0.12163166274264806
0 0.7691172769885508 0.28009574608559207 0.03447261857732575 0.10077657797390022