1 0.2001690195519922 0.61196784402378 0.04523606281971043 0.1247582866452126
13 0.2825185058566635 0.8740257631653422 0.033683860739998905 0.10036903048119794
10 0.2992740781285089 0.8625348007697158 0.026791084522681252 0.09221809536452896
6 0.319413634820292 0.8537030510792808 0.034199243646051425 0.09863222013178174
7 0.4221672113707615 0.6328258242578377 0.03628518665002578 0.10624240934986684
2 0.4448574646247464 0.6219392805092676 0.029281206589083897 0.09872691491169172
5 0.37573761078393375 0.5310503603379328 0.035031206413070115 0.11344704546970069
7 0.39297146200815536 0.5095057494763917 0.02759955582801077 0.09001622584986574
14 0.4140350008927892 0.5173934809418165 0.02859127002030365 0.08921692588105157
9 0.43171265593876185 0.4896412504080395 0.03484887267128084 0.11204575388094473
2 0.5283899973534194 0.5589252602521632 0.033572310117810145 0.1022349731052894
0 0.5482567928069833 0.5479907301350915 0.02715575200625986 0.09502067854204121
8 0.564421539261251 0.5591372388985354 0.020288145089376042 0.05487523377173209
9 0.5778598026607789 0.537297100427277 0.030535073645566513 0.09152140896467681
5 0.6374627307466827 0.5261707355126884 0.044606036807989136 0.1196651398451744
10 0.6656189314281769 0.5139763169981795 0.03752212444417391 0.11995627314677548
6 0.6923468847797429 0.4980289537026111 0.04474806300622769 0.12496997615245331
2 0.4413990338285104 0.17669917211108113 0.045557330276258245 0.12276851476770183
0 0.47138686493765997 0.1665551533465906 0.03906015707760635 0.12336130964149913
6 0.5003007341873764 0.1457495429881937 0.046691070666789625 0.12727405110616657
7 0.5704692977153181 0.12920566162403882 0.04339156814988343 0.12296582311657385
11 0.5989071222485494 0.10714935961434927 0.04294696836343126 0.1279698676788376
9 0.6432457946113472 0.08217212201965013 0.035880894407124386 0.10734290919360784
2 0.7758654564943696 0.3266322320037396 0.03798941972761405 0.13196851530718218
0 0.7973107053053894 0.3133944967601357 0.03525396087888322 0.11094566216711543