1 0.12115932358729567 0.7161248090717582 0.040004769981679775 0.1269770092429544
13 0.1907778400838901 0.9655480416795571 0.029493849788148868 0.0689039166408858
10 0.20717953257799232 0.9617370644696729 0.022969896664883555 0.07652587106065423
6 0.22672189447792063 0.9555476863936834 0.030074194519188163 0.08890462721263337
7 0.3324955161275436 0.7360586566930167 0.03184565677531187 0.10811711282620051
2 0.3545452465157096 0.72485630429086 0.025186201140391662 0.10043978937520537
5 0.29165727964424737 0.6328201419360986 0.03031613081679535 0.11542442198039116
7 0.30886275612021696 0.6108099326804394 0.023859659199868544 0.09158391076780092
14 0.32871077426883655 0.6187104472277618 0.024876087236316125 0.09077883341253712
9 0.3465543872707099 0.5903845129184555 0.030190317812254786 0.11400035436072609
2 0.43651120106598146 0.6602896736933936 0.029309470588038122 0.10403011309306576
0 0.45586557881169654 0.649054783060659 0.023221522673964823 0.09666249460147947
8 0.47092174639010204 0.6602977029726207 0.017984463111479165 0.05585371827203045
9 0.4845118192844043 0.6380088050631687 0.026715649002691855 0.09313159625601186
5 0.5418293565779614 0.6263499245011259 0.039579950245457685 0.1218012956802671
10 0.5691453718554678 0.6137859737016215 0.03253320969300921 0.12205027164786353
6 0.5952266084418656 0.5974134935172323 0.03951177263898942 0.12718874516452106
2 0.36660576343750295 0.27206564506482184 0.04040230957468016 0.12495871622458923
0 0.39560062522479644 0.2615764064149582 0.03392638043858903 0.12551786146218089
6 0.42393752619413455 0.24025048219039882 0.04135056000465953 0.1295410883535793
7 0.4915344584558795 0.22302110890316362 0.038243640497244324 0.12514480331545222
11 0.5194597925602535 0.2004259695386436 0.037604729570634876 0.130222967494714
9 0.5626746447614742 0.1747686353882391 0.03140073645971131 0.10923189514087325
2 0.6809192281973149 0.4226213974428008 0.03252351998153513 0.13425054185545615
0 0.7018608453958352 0.4090350475860109 0.030636012528561185 0.11288599170047009