1 0.136648 0.477043 0.03904200000000001 0.12511000000000005
13 0.19347600000000004 0.804983 0.02776300000000001 0.10236299999999998
10 0.214971 0.801858 0.019911999999999985 0.09667599999999998
6 0.240044 0.803469 0.02876099999999998 0.09989800000000004
7 0.39491199999999993 0.622202 0.030235999999999985 0.10795500000000002
2 0.423304 0.623008 0.022123999999999977 0.10312100000000002
5 0.355826 0.486856 0.027285999999999977 0.117622
7 0.379425 0.47316 0.021386000000000016 0.09345300000000001
14 0.403024 0.493301 0.02286100000000002 0.09184199999999998
9 0.42809699999999995 0.47316 0.027285999999999977 0.11601100000000003
2 0.531342 0.601256 0.027286000000000032 0.10473200000000005
0 0.556416 0.60045 0.01991200000000004 0.09989800000000004
8 0.5737460000000001 0.621396 0.01769900000000002 0.054783000000000026
9 0.59292 0.605284 0.02507400000000004 0.09345300000000001
5 0.664823 0.6262299999999998 0.039085999999999954 0.11923399999999995
10 0.6998530000000001 0.628647 0.029499000000000053 0.12406700000000004
6 0.733776 0.6262299999999998 0.03834800000000005 0.12567899999999999
2 0.48746300000000004 0.14123999999999998 0.03982300000000005 0.12245599999999998
0 0.5243360000000001 0.146879 0.03097300000000003 0.12728999999999996
6 0.5615780000000001 0.140434 0.04056000000000004 0.12729000000000001
7 0.646755 0.16138 0.036873000000000045 0.12406699999999998
11 0.683628 0.153324 0.03539800000000004 0.13051200000000002
9 0.739676 0.150907 0.029499000000000053 0.109566
2 0.858407 0.48766100000000007 0.02802400000000005 0.13856900000000005
0 0.885693 0.48524500000000004 0.02802400000000005 0.11440000000000006