1 0.09308127564478616 0.6997323686639627 0.06779367160765443 0.1128966498039099
13 0.23701424006471566 0.8862173538443829 0.05311509273037163 0.09130509612578053
10 0.2528535793575508 0.8718268751549472 0.04533799983865788 0.08232057499387879
6 0.2730333530094652 0.8585466095226313 0.053411461543081074 0.09054104148901942
7 0.33935871467935413 0.6458461404722569 0.05773209010366964 0.09797029203120411
2 0.36225276203374596 0.629525402264413 0.04992138850647654 0.08941527771788693
5 0.26635088634385146 0.5777591172935875 0.057909571530007836 0.10222969395307424
7 0.28071736384231105 0.5544613248172237 0.045879451674126714 0.08116173981620534
14 0.3056599532934799 0.5539325532551302 0.04669600395014506 0.08116741431148788
9 0.31932524322280476 0.525327670007869 0.0578476842491234 0.10165216960065254
2 0.4423897597721088 0.5499728760026841 0.055181293821510435 0.09477559137193603
0 0.4624757414320261 0.5342379881922349 0.04781053362430593 0.08654978383205103
8 0.4832096598736994 0.5379984582653443 0.03181506405011003 0.052077364720576
9 0.4937691011724501 0.5153510914201325 0.050182224315746815 0.0855285009542337
5 0.5595539108746279 0.4857430560608601 0.07045290980799468 0.114692139441807
10 0.5893107145498082 0.46583728847464345 0.06434293832405058 0.11217548068781102
6 0.6167630671301145 0.44319578489723527 0.07248218442682441 0.11972195076798886
2 0.2631722880426245 0.265633303072179 0.06957890482088114 0.11353002546948862
0 0.2941748746383436 0.24659033969173372 0.06435022997037093 0.11182104025349004
6 0.32187801985656384 0.2190736757392947 0.07226844948881656 0.11826123665000787
7 0.3969547663299014 0.17981222245843848 0.0690215763768609 0.11453098913365076
11 0.4243093739224635 0.1510442992229677 0.07013919370910937 0.11864561761330085
9 0.4692478390611545 0.1137220121977237 0.059076262853183736 0.09995130954894646
2 0.6763534653062826 0.2692488470671287 0.06870824992999125 0.12305969603098826
0 0.6986024738127601 0.2501688884997708 0.06103205381320165 0.1051834696972491