0 0.8629735205965474 0.668231319372236 0.060478710082301324 0.10634988102454668
0 0.4597773414987759 0.5803443526788485 0.05542691436294089 0.10002932879497306
0 0.46247668468513814 0.3871668247450427 0.06987157526216126 0.08405841090791533
4 0.4532043343421361 0.3018725723662856 0.08613730065107883 0.0936384281965808
4 0.5656134996212395 0.3369358424829147 0.08015697397025345 0.09728078586435251
4 0.7480128561451189 0.3938495114018745 0.06455301178230177 0.09071448847779667
6 0.7669143484554681 0.721431996871515 0.037902975004545314 0.1258817329273646
6 0.7675557078104044 0.5262429570858322 0.034476415361554436 0.13271136684477491
6 0.5796163508944944 0.44548840056530453 0.029565549282361436 0.09714491384406232
6 0.3669073842022387 0.48745691142143643 0.025067309277590155 0.09905955143854411
4 0.3620979586897403 0.4148649914369824 0.07617889323598526 0.09622980639062612
6 0.587413624984193 0.6731136651991663 0.02914050675721691 0.08382709736708582