2 0.18061005867049956 0.3287731944241345 0.08189262369705133 0.1510834456308887
3 0.2274682024793167 0.22312004933421817 0.06726171245207768 0.12718724178978275
4 0.24661188519492078 0.09702741021620598 0.0637508121897 0.08259066836785582
4 0.3887601006940192 0.15238294373289873 0.06452326821051102 0.06682261076880322
4 0.5999728063674581 0.24848620888243592 0.07254358728918131 0.09813993012234828
4 0.6729253648034023 0.2641510937638062 0.06925409131182558 0.08276714918868353
4 0.5449143120856415 0.19554905533525638 0.05372888643824081 0.08463838177146021
4 0.5042982433539621 0.24210312868139472 0.05516098574915862 0.07415507941372634
6 0.6581452050105683 0.34315835592922084 0.05928063052038357 0.14009185832253773
6 0.3866300590311848 0.44223051278506276 0.038873294143417225 0.1028497239716043
6 0.5024015336510382 0.5270511941248465 0.041473777504371645 0.079770355239495
6 0.5325423977590895 0.2977034701205291 0.0441034272556754 0.08985675510343244
0 0.2646070310144171 0.30444411019510054 0.03937260415436092 0.07391221668355208
0 0.4491628053002097 0.4110399490374804 0.04941308699987462 0.09397543588205115
6 0.38444757802048113 0.21724066921811774 0.054205621114688574 0.10492098587871765
4 0.4623026819721233 0.20877942193473725 0.05294720260438884 0.08935137952656325
1 0.4852192979099502 0.3282788539118602 0.0474923884422806 0.144451894435985
5 0.5207523463335149 0.3679123919729448 0.04344368249759606 0.0845711869479095
5 0.5031757990193206 0.4602325409595629 0.05102893786803703 0.06849539210468175