2 0.13906507188856918 0.6347402345880473 0.10552462050685418 0.1670285511514754
3 0.20937083165971695 0.7273830092026894 0.08735930575402301 0.14006659899137186
4 0.2547719536784207 0.8487391667097194 0.07436908200199119 0.09745795991849437
4 0.39245942663536737 0.7512920027709611 0.07154590560932744 0.0830452607824802
4 0.5942581508150441 0.5925496698752961 0.08554985392325665 0.11476637187454597
4 0.6674844557466661 0.5553716967934859 0.07924471151121482 0.09940515770405023
4 0.5472617463064149 0.6620100870828094 0.0660163269988332 0.09611501688756108
4 0.49537664890931143 0.6270475204022543 0.0649465895566419 0.08683042641244643
6 0.6361211579305144 0.48014934951453647 0.08321138201807898 0.1494809120168969
6 0.3319372322671815 0.460046217785192 0.05700549941279226 0.10823677208962657
6 0.4360840932663377 0.34066697998551676 0.05416502655390132 0.0876174520208493
6 0.513764531175156 0.5627724569988242 0.05871619057878397 0.09784897989357089
0 0.23189749604730447 0.6345950409314209 0.05101738467689668 0.08148908297200086
0 0.4036779018103275 0.4731078439279463 0.06429721126247179 0.10339936127374949
6 0.3749007423922257 0.6872468287821096 0.07093999214346935 0.11513061063220442
4 0.4581117866901807 0.6729250188639188 0.06637610245945996 0.10024444279738653
1 0.4580711214482981 0.5458679059514542 0.07381989846025822 0.1497159423556108
5 0.48730115040427746 0.4955325871167009 0.05696248190996833 0.09272008241423396
5 0.4503328140867318 0.4077248678322965 0.0600582343882915 0.08022858866479432