3 0.6692525654696595 0.49689359369536423 0.08108568923202852 0.12923664437767068
6 0.4647462719665415 0.7519246302054292 0.05163584967511259 0.12716551879116678
6 0.40202147694011336 0.5586051313509566 0.03699080026452983 0.11028396905406801
6 0.23097812004113916 0.703451382492231 0.029831933886935363 0.10520656776728865
6 0.3778080426290432 0.797476030105013 0.038711589535801894 0.10780707706534864
6 0.592971278570696 0.6143550526086126 0.09330240131784306 0.07245216971448065
0 0.30146595575976404 0.7481217496368481 0.03494583840766241 0.07107520310597648
0 0.29890781618779777 0.5503319565141515 0.03928269349273339 0.05583296737470378
4 0.6262516414759494 0.3806766385801979 0.05115329000851143 0.07812792017414594
4 0.28157943657768625 0.5019558655361456 0.04133663556293943 0.06295654328362466
4 0.37462408283026405 0.4653374292103567 0.032918057742918394 0.06627847390025199
0 0.5226948870275065 0.6397440232136078 0.05138527263913251 0.07214134997743182
6 0.24128761953288985 0.5525234786343943 0.04118861845798305 0.06237696324727837
4 0.23139608090395086 0.5053193421139901 0.03782366949871707 0.05670108552555525
4 0.21263768389692486 0.6360493710471197 0.02913780574650615 0.05497107836483184