0 0.43094284389214044 0.31450728439963066 0.05570409584204139 0.08108880993853951
0 0.7379518481679623 0.4879005994281198 0.056785708878882235 0.08119716705318264
0 0.687898362416165 0.6113868591780549 0.06468300247427405 0.07640192248992628
4 0.6745097733419878 0.6701255469561761 0.07825192729117902 0.08775245992274083
4 0.5884168025647457 0.6103368570636305 0.0725781382994819 0.08638236292782486
4 0.45356101333179955 0.5166840200216258 0.05792739810620312 0.07492283379085946
6 0.5197357528564804 0.30914279074286827 0.04508715178313666 0.08720780085699353
6 0.4709978787469785 0.4285029495144441 0.044501684606114145 0.09194103894532502
6 0.603793289308994 0.5363479901985935 0.03725119801012666 0.07084355502151818
6 0.7948777911978391 0.5773274365694725 0.036285791307497095 0.07274327211287657
4 0.7812980099159248 0.6263568939910569 0.07310442342430645 0.08803293023707015
6 0.6535822676967109 0.3905029870756816 0.03409389194024348 0.06094142034506178