3 0.8041523012342542 0.38039621846661514 0.07583626792287568 0.1383379340746509
5 0.6803239737749482 0.3656360668691796 0.046257225891851994 0.07140764369490965
5 0.7468044953521151 0.31861363826033573 0.040251219129896376 0.06814897803299963
5 0.6895665673464141 0.29979438062203095 0.0513809906652265 0.08751980549820104
5 0.7208976644365891 0.4572245996802643 0.0475665472328799 0.07739674722501255
0 0.5935569155711302 0.3574516706299874 0.04011754036248594 0.052434034653925155
0 0.5087759271152555 0.32235518861592527 0.0473503007086678 0.07030871583838944
6 0.3926729505533352 0.37700761137014294 0.061291636195668964 0.06869157007045062
6 0.4139295368297603 0.24891613582349376 0.04814096473569668 0.06244359391233814
6 0.44784123617628724 0.36192037137836375 0.03783138751714832 0.0689692384854727
6 0.45264681196482076 0.2933030704833631 0.04142400093215315 0.07371785405233494
1 0.5533569149754207 0.283802485472495 0.06092938547436211 0.05685427938041432
1 0.6325143462186813 0.31195890945942595 0.06662433631685927 0.06007035770210939