2 0.44412565308633295 0.27728088754827585 0.10276803959907677 0.16740538202880864
3 0.4708228937053779 0.4157007604210945 0.08244800264677937 0.1405414497935838
4 0.4589261596381399 0.549782103510986 0.07932825810258975 0.0959082302080797
4 0.6305211278275465 0.5941335965792369 0.07304639689409953 0.07404301342399977
4 0.8576310628632104 0.6406330391543928 0.07113642733022674 0.0957311145752957
4 0.924657092867152 0.6693875290752702 0.06498860622314584 0.07904473280202173
4 0.7952505697221866 0.6529736634240424 0.05458894110689416 0.08423107361339921
4 0.7680885369642582 0.5882130552750888 0.05731917425887301 0.07500163466643406
6 0.9300341978991077 0.5962738497104381 0.055891079290424805 0.12912557447119466
6 0.7017907779919309 0.33203058233373967 0.04197845530140265 0.10313071888838177
6 0.83468182440982 0.3412607615665891 0.042048365029250134 0.07631119858799473
6 0.808050590754215 0.5580125876278603 0.04463555649720219 0.08728956242010333
0 0.5356343643093066 0.36661999697877706 0.04683680732665296 0.07947075266123094
0 0.7560747248902989 0.40468771098427875 0.05207290622446936 0.09274106013983163
6 0.6426449791755902 0.5328283683071234 0.06021089556559567 0.10902348441857274
4 0.7193495906401766 0.5909857827294531 0.056375833801063924 0.09102805273667691
1 0.77079039070924 0.5013587895223955 0.048801437066970044 0.14073604060587824
5 0.8137778251380334 0.49033648656502 0.04406002258717745 0.08183200332353724
5 0.8193542036847414 0.3993227827591474 0.05209758733626213 0.06599179582066061