2 0.2372379654473004 0.5898906508595861 0.07190241040606066 0.13060761694241174
3 0.26372742964505347 0.7034713159474844 0.058802057920082806 0.11045067683081033
4 0.26105356207377645 0.8290893315903685 0.05885006350735289 0.06573401876518548
4 0.4025806949731652 0.8146130374720637 0.06094029980928023 0.04932272290920181
4 0.6151249601702563 0.779870991994099 0.0666254239634605 0.07906719437944965
4 0.6856847123739684 0.7846152663464513 0.06450132356743676 0.06427332574876954
4 0.5551812506551104 0.8155639866861646 0.04836408647009682 0.07082518149094852
4 0.5248930466572568 0.7601223142605036 0.05069942259650806 0.05964019881380611
6 0.6847636920929923 0.7051530180297989 0.04952553794316095 0.12607411994358508
6 0.44776555068111507 0.5371688528248351 0.031574275610464664 0.09394514833613277
6 0.5694980684869851 0.4874212764000293 0.03614696071610446 0.06948578320461235
6 0.5602723617360302 0.7146416433748828 0.03802588588391398 0.0790517308074502
0 0.31158520087371433 0.6358216284669881 0.034464862125757445 0.06410112796788248
0 0.5009859925096931 0.5838556284658483 0.04315405133632205 0.08169420293867946
6 0.40911544942498634 0.7514945097848558 0.0471891572776309 0.09149653877973374
4 0.48031927166560145 0.7806089902863801 0.047172262932447695 0.07589476046090238
1 0.5211310764840706 0.6726513001635271 0.03703119428534418 0.1340650849463707
5 0.5607070193343795 0.6443915237091768 0.037780748357565064 0.0738246137041082
5 0.5593456282835396 0.5514570853087764 0.046910193359050445 0.055065061114228264