0 0.34604055162994635 0.2901163489955412 0.05165579608463344 0.10179517633039131
0 0.6869667218406824 0.5729019978066534 0.05311387606933837 0.1018135029702687
0 0.6935521955365658 0.39759871783803913 0.06549384688232462 0.09448593269455957
4 0.7058452887010842 0.32882086827555745 0.08068445824815251 0.10806039482147994
4 0.6056672574741746 0.25902609858537384 0.07328467994355226 0.10689349503349466
4 0.44874866884906495 0.14969976606451427 0.05663590650288636 0.09329988233416871
6 0.4219012548647712 0.4191652515325556 0.03511413259548868 0.11120860649233888
6 0.4279529785125702 0.24921918086200523 0.03283755277855588 0.11759889002991744
6 0.5888742997203544 0.3435742844686871 0.029386362913933373 0.09026771211009427
6 0.773645514106608 0.5765737113425893 0.02746527193681425 0.09291785399824204
4 0.7817930152167281 0.5157939007778407 0.07349819638081256 0.10903654353922576
6 0.5728967428189908 0.5375421456001482 0.028105428470637794 0.07741106894076344