3 0.42680276288824426 0.1491881096245081 0.06874292006942834 0.140155179953396
5 0.5420257813222304 0.24949916794114954 0.04335958124658956 0.07539469151462325
5 0.48774485412885027 0.14930253352753203 0.037243558177225466 0.070634956415593
5 0.5431978426144437 0.18570344280938023 0.04810210299952744 0.09119926040914283
5 0.4916830641167981 0.28867262509818103 0.04382509984455113 0.07995026790988172
0 0.6233421571656789 0.32232217775362393 0.03843083773522382 0.05776775193353545
0 0.7077954824753885 0.3714289728337491 0.045943345002256386 0.07619351557601634
6 0.8079325161440281 0.5251895244945499 0.06068408331395114 0.0796509475086471
6 0.8091333712214829 0.39832380743216184 0.0478754399977499 0.07061509319790726
6 0.7585168367412056 0.4611014683608138 0.036760724409588774 0.0720298471192567
6 0.7651830198497855 0.399360649941762 0.04047913388549784 0.07781242820113748
1 0.6721951718999046 0.2977269854468143 0.05956682435960037 0.06871742403156189
1 0.5941843923683762 0.24836867071129642 0.0643439764518885 0.07262105872823718