0 0.5314300513703571 0.31008620381761354 0.05488605890178089 0.1299890300734165
0 0.10883148330139147 0.6926382891907701 0.07898606169811967 0.10517729233661888
0 0.3015614791364079 0.873482627364641 0.05724315430896365 0.10398134506404277
0 0.16165878166306935 0.976750755410905 0.03385157173952105 0.046498489178190106
1 0.24432140966820376 0.5991570059178988 0.03631063028846182 0.1268533462906477
1 0.20527384798706289 0.609473312548601 0.04201160145886798 0.1545313281504741
1 0.1096573383496558 0.9903623541455229 0.03384607577727633 0.019275291708954367
6 0.24986775524090016 0.8952159377651457 0.06611284765141937 0.16669103619485992
6 0.4515456869958559 0.47777749586200136 0.06265127838470808 0.17270140854171262
4 0.20913591251961494 0.494801686840756 0.05217344348270617 0.08326645201346827
4 0.1225933454508896 0.5675657830570632 0.0711905256267939 0.10320948624141146
4 0.6303149450623692 0.03577525470157614 0.07909316024711477 0.07155050940315227