3 0.30932097934814934 0.4847316931671837 0.08905087555397628 0.1133535642470822
6 0.5528467120113469 0.7873107570634179 0.06933722175274715 0.1231259541020544
6 0.5664625596405051 0.5993894212879619 0.05288580339265703 0.10550433214405297
6 0.7631800478795989 0.7862954875103956 0.04612525734926265 0.10547169929234002
6 0.6463314045240514 0.8566180151219065 0.05628995759853905 0.11100254692029277
6 0.4030044676679834 0.617755332241922 0.09112991075074206 0.05525771075066965
0 0.7067519207907339 0.8184261114395404 0.04431231653123202 0.06818732924016768
0 0.6607535200355318 0.611567420318547 0.04415693467205917 0.04954919123064794
4 0.3238119992380277 0.37810037966438054 0.05534963023383738 0.06714458647837018
4 0.6653633233510168 0.5654055793055833 0.04704009428352318 0.056140910568075686
4 0.5702476340437075 0.509837571082179 0.040447974414500654 0.060494011308419304
0 0.47311478451754957 0.6580644586403581 0.05691320972362346 0.06386323257842641
6 0.715576616787513 0.6255841334983303 0.04704009428352318 0.056140910568075575
4 0.7133100986798833 0.5789063642641337 0.04288493999144938 0.05063907074819396
4 0.7636780560963429 0.7187310588441103 0.03560262671980352 0.05169993872819989