3 0.0842315778067254 0.5839168291872816 0.10784570533932167 0.15715309910667397
2 0.059186551532306876 0.4054529838421483 0.11837310306461375 0.20523931575743115
0 0.1749766441122933 0.41414297218825313 0.07466843194817993 0.11395711936111108
0 0.41004118459679595 0.7150444409181487 0.0867739361352981 0.10671884263843479
0 0.39042774316302886 0.8634746694990084 0.061715850674845585 0.09053266895559275
0 0.7260283309340207 0.6799787076764428 0.08509174134677233 0.10233255643739325
1 0.3843865843458716 0.5245984996350482 0.05123152715396784 0.12095885250862631
1 0.24512885405783513 0.8032251052466415 0.04974471222447033 0.10030909597837356
1 0.11246824545560566 0.7658623032512917 0.04470969133340891 0.10418906804242567
5 0.2673599760825747 0.3847708342846914 0.08783562840832018 0.13770434251067115
5 0.30144567744306366 0.5803527033481466 0.08402207456906452 0.12731581049527496
5 0.7450796111662672 0.8470387193374818 0.10603245044848741 0.13044489908445778
1 0.2082712399217096 0.6330954693444073 0.06212467454904763 0.16874658694110223