0 0.08503453075546664 0.19545980945293318 0.09121177153948154 0.12306332104103143
0 0.48760489378096317 0.3700235449975491 0.07646947741074195 0.10702537686901231
0 0.4212823303114114 0.5543367257452791 0.083152236416695 0.0959278613681448
4 0.402795018559048 0.6370143788224051 0.09918233532563342 0.10917008516342164
4 0.29781947363224853 0.584302270768926 0.09822838158386124 0.11362581671320626
4 0.12052269099493178 0.4952164025401252 0.08700373617599375 0.10706326044205033
6 0.21031059051302486 0.16426342373553565 0.07612761345791752 0.13540609201136705
6 0.1435654048787849 0.3596713231541875 0.07517847483955137 0.14088806544877808
6 0.3191687079815974 0.4767735641383066 0.05633100618571463 0.10102142181900375
6 0.5505499822024255 0.4765784946257135 0.05083844586637509 0.09844034018200631
4 0.5315115333012128 0.5458493483301823 0.08982982969732622 0.1065365146373286
6 0.38666916725434264 0.25342106336464754 0.05189286936364418 0.08839868374900406