2 0.7181367974044671 0.2727361250596872 0.13074967130827453 0.12474066122801175
3 0.6311656231432787 0.1883567623228601 0.10867411555018369 0.1054117938787073
4 0.5751093702424954 0.08777230286973535 0.09305523134945182 0.06981804662299046
4 0.4021720952588742 0.12938397923492959 0.08974286916075586 0.05719054649332621
4 0.14883019313189363 0.20217388981845563 0.10756513571464993 0.08291549496105174
4 0.05690385899913683 0.2133873086533402 0.09973126157194126 0.0703872387849537
4 0.20776582732484333 0.16102493785171468 0.08301544036548644 0.07111830295262167
4 0.27294982497849635 0.19873676150288025 0.0814809730897057 0.06257269868309284
6 0.09655785055320731 0.2762442816816232 0.10475021604623895 0.11587714591818374
6 0.47702114065642726 0.35886146771871874 0.0707955581518499 0.08403668501386347
6 0.3469688668464873 0.42373475685037254 0.06746616313959958 0.06573520896718388
6 0.24991257668713185 0.24235692343128915 0.07363840818523146 0.07456100159229911
0 0.6025427384593924 0.25216247497788996 0.06341475660961793 0.06114331881619084
0 0.38757638984617815 0.3333056121773585 0.08018329685899461 0.07770369808351674
6 0.42401253772796155 0.18101895794590273 0.08871025926806253 0.08718578400404534
4 0.3196988002278486 0.17296949257314048 0.08324386038089715 0.07473308550154964
1 0.3196398604121109 0.2673080735057115 0.0923301263488539 0.11840980956141206
5 0.28308334855248873 0.29811195695511095 0.07128078470047991 0.0700824932746249
5 0.32926212435761903 0.37120941179170364 0.0749568027159947 0.05738376783681404