3 0.9087744263634149 0.561503458900581 0.0941546949353691 0.12465212249246616
5 0.7823069832249309 0.512019455752067 0.05773245481766698 0.06490723546296362
5 0.8359118445912276 0.5889432971512264 0.05046714278690989 0.06230299247745541
5 0.773160179445064 0.5774225898014216 0.06557627613896999 0.08084705067659692
5 0.8477272506752198 0.44992487921899355 0.058506091522212755 0.06893969482325502
0 0.6918501402695361 0.47455349013927195 0.05004144367409691 0.047805495277678245
0 0.593255221689126 0.46242696321959076 0.061715030038477225 0.06563879221816021
6 0.4868700541334139 0.34894971070046193 0.0787455663636642 0.06320236522140998
6 0.468791055782896 0.48082205346224044 0.0637513409210736 0.059445044702531535
6 0.5410955760367937 0.3929920919192317 0.05143484520744679 0.06484863892230613
6 0.5247256202154739 0.4596837626684611 0.05658820737397002 0.07020700437484428
1 0.628294758926768 0.5219323575987893 0.07462015323416782 0.051659232697713886
1 0.718493058824651 0.5368219177617439 0.07940636487859232 0.05353569832077065