0 0.7907662272580595 0.2653650822410526 0.06382878403207792 0.08429402228058655
0 0.5212959463961594 0.5725609338662412 0.06518365924102848 0.08531985564896538
0 0.47103573955313316 0.4485783138572276 0.07003331234110582 0.08450527920789902
4 0.44173174467445575 0.4030852491919942 0.08346713145621948 0.0985121824061655
4 0.5240422178780968 0.3226338522521467 0.07851557840215012 0.09504883412642484
4 0.652895089747882 0.1966865821666334 0.06394519802383924 0.08022799297956867
6 0.7476154695584982 0.3810494637437223 0.05701892938501185 0.08486411462914173
6 0.6986453718077446 0.2612711201111009 0.05742340367192866 0.0878014554127276
6 0.5618633565155224 0.37793578907143843 0.046770920231445356 0.06902000779107947
6 0.43569336495226396 0.6015988492559227 0.04681270586983849 0.07050084916433552
4 0.4124721992363488 0.5603292473097761 0.07975773339167874 0.09702019168952736
6 0.6264487368029243 0.5122874654950111 0.04207192097536494 0.06053187142871563