3 0.7508454279184817 0.759565843660932 0.12512668628860646 0.11443442359087552
5 0.6033177699790555 0.7143450288679554 0.07310481541509695 0.058085723318623717
5 0.6647683388926962 0.7861876569972721 0.06577901674686126 0.0567302553209984
5 0.5917753975583866 0.7758128755582342 0.08440226165504938 0.07312726623916532
5 0.6798332136593352 0.6555522902939865 0.07486783437608568 0.06192611266329118
0 0.5001959262460366 0.6808171567546277 0.061103025433310476 0.04181947017337351
0 0.38910662881487357 0.6711828813089034 0.07480061337123739 0.05731190945782694
6 0.27506836698908577 0.5706221268419321 0.09050815730899217 0.05309589208554577
6 0.24988455189760927 0.6897989578055643 0.07484281524392453 0.05083266912358586
6 0.33315398801815854 0.6090364085666815 0.062490263122768896 0.05666780842688712
6 0.3126475200841723 0.6697520447945997 0.06890440087920247 0.06155015368025263
1 0.42692412107385674 0.7254364131657254 0.08816021652891726 0.043581534104180863
1 0.5294470268380701 0.738238558317351 0.09515727155878007 0.04547528308806437