2 0.4179187792484944 0.3189775631420363 0.09220419333800983 0.11724789504105831
3 0.437606287927922 0.4238178497963758 0.0757263566626275 0.09921755507465274
4 0.4235117045573892 0.5387356651577243 0.07183079241719109 0.05827756113168481
4 0.5835724613863941 0.5300576290112544 0.07272640835765132 0.04318532371407291
4 0.8250986891973757 0.505121900505875 0.08173172911904103 0.07023283261248814
4 0.9038421040498731 0.5117462921096136 0.07804204711021323 0.056757598266876874
4 0.75469416800685 0.5358613205038532 0.060516016455324007 0.06327753776110967
4 0.7256098776425265 0.48412492462275525 0.062148208446166864 0.052962106688366484
6 0.9098269825994765 0.4389682230642924 0.06669871758211965 0.11382081696354757
6 0.6587704432455035 0.27751604096941573 0.043721163059493695 0.0849868051759223
6 0.7997384122146715 0.23590697951618084 0.04669107524377214 0.06244624918482522
6 0.7693195584931178 0.44363072361475153 0.049643954598294626 0.07114320762508647
0 0.49727379592080817 0.36343113350114203 0.04432831584573271 0.05757093307228267
0 0.7143561236798008 0.32197858821396075 0.055630734615343846 0.07339663378297023
6 0.5964786318825825 0.4724833825258233 0.06102355549419458 0.08224030500015667
4 0.6737922396569678 0.5014397047711883 0.05962663576197236 0.06795730389878585
1 0.7291147788926726 0.4039229304550319 0.05338682750272328 0.12154050883083989
5 0.7760117749006223 0.37933025347665666 0.048907265245951015 0.0663656664999771
5 0.7826924705716557 0.29420405570267405 0.05749291337544471 0.04889602689206468