3 0.6730827844391154 0.8643139518597602 0.12972812583040427 0.1601176731303201
5 0.5341515150990889 0.7556496523353495 0.07794043100611936 0.08612438185402282
5 0.5808724827625775 0.868307623562881 0.06923724973018708 0.08139384176286191
5 0.5090047158667046 0.8296504738507631 0.09025048963896382 0.10559551596039063
5 0.6243643645927608 0.7080825252013004 0.07898440680602914 0.0901302295337385
0 0.43638148827850853 0.6764475380316275 0.06602666551950159 0.06583529259374077
0 0.3242836992637892 0.6242781758554419 0.08305486716922211 0.08793911908487173
6 0.22820101511083585 0.45369644846672014 0.10099977315642183 0.09062131402411444
6 0.17578898303942214 0.5978191153981007 0.08432611955716474 0.08221920592164456
6 0.280118755142098 0.5243759604663609 0.07137186412405827 0.08332294508428578
6 0.24549665843641733 0.594827345019848 0.0786501308238371 0.09093446020603191
1 0.3513662663335132 0.7072315266267659 0.09472167690392241 0.0780170396865486
1 0.45367096330344026 0.7599425912525939 0.10064834647424448 0.08176226196019232