3 0.9121568979570014 0.4835022531199503 0.09197554674967756 0.1349654102103841
2 0.9257161709978163 0.3353637430196015 0.10501991483052286 0.1735369593261737
0 0.8122318637240833 0.3487151878245195 0.06207342515632319 0.09544257944670959
0 0.6132038102692512 0.603300022490223 0.07347976202922546 0.09002285398549403
0 0.640679973977625 0.7256935590518858 0.05191522685685057 0.07684015965842583
0 0.3283781164844132 0.5845261485100337 0.06893732075259706 0.08304671171951339
1 0.6250080621779337 0.44786047090221337 0.039424400490092215 0.09913992417727063
1 0.7739199405764126 0.6720946316441897 0.04030790677071139 0.08553811047719573
1 0.8992994400273112 0.6371518012543592 0.03530226755667121 0.08949889570167335
5 0.723775243823517 0.330096472895603 0.07201689737435013 0.11384054601130766
5 0.7052455082063555 0.4894800886092001 0.06980609599151677 0.10681900748780038
5 0.3190599040978457 0.7188605756995118 0.08648038409134945 0.10702152179223612
1 0.7966665966105595 0.5292840353185178 0.04677695866919507 0.14173430396648856