2 0.042683 0.499209 0.046341 0.047466
2 0.139024 0.497627 0.055285 0.050630
2 0.228049 0.507120 0.054472 0.044301
2 0.318699 0.509493 0.055285 0.052212
2 0.409756 0.516613 0.052033 0.050630
2 0.493902 0.526106 0.047967 0.053795
2 0.574390 0.542719 0.054472 0.042719
2 0.680081 0.560123 0.049593 0.039555
2 0.755285 0.562497 0.047154 0.044301
2 0.859756 0.576736 0.057724 0.044301
2 0.900813 0.708849 0.047154 0.049048
2 0.039024 0.814065 0.024390 0.123411
2 0.100813 0.806154 0.029268 0.126575
2 0.174797 0.798243 0.027642 0.126575
2 0.250407 0.818021 0.029268 0.131322
2 0.325203 0.808528 0.027642 0.102843
2 0.373577 0.810110 0.031707 0.115500
2 0.426423 0.814856 0.031707 0.118664
2 0.486992 0.822767 0.032520 0.112336
2 0.537398 0.831469 0.024390 0.117082
2 0.627642 0.844918 0.047154 0.102843
2 0.788211 0.903459 0.039837 0.118664
2 0.844309 0.885264 0.033333 0.110753
2 0.891870 0.878935 0.032520 0.104425
2 0.953659 0.884473 0.048780 0.042719
2 0.039837 0.624202 0.050407 0.053795
2 0.157317 0.627366 0.059350 0.047466
2 0.271138 0.632113 0.046341 0.034808
2 0.380488 0.642397 0.069919 0.049048
2 0.485366 0.663757 0.045528 0.041137
2 0.570732 0.676414 0.053659 0.037973
2 0.652439 0.685117 0.054472 0.052212
2 0.746748 0.695401 0.047967 0.050630
2 0.821138 0.700147 0.045528 0.050630
2 0.708943 0.870233 0.048780 0.087021
1 0.034146 0.117109 0.043902 0.071199
1 0.108130 0.092585 0.040650 0.060123
1 0.190650 0.076764 0.046341 0.060123
1 0.284553 0.058568 0.055285 0.052212
1 0.353659 0.075181 0.052033 0.047466
1 0.460163 0.085466 0.058537 0.058541