0 0.048031 0.187256 0.069316 0.054616
0 0.905287 0.396619 0.083462 0.057217
0 0.928628 0.284135 0.067901 0.058518
0 0.802727 0.257477 0.079218 0.046814
0 0.715021 0.249675 0.062243 0.041612
0 0.613876 0.372562 0.072145 0.053316
0 0.760289 0.388166 0.065072 0.058518
0 0.493634 0.360858 0.072145 0.068921
0 0.410172 0.348505 0.066487 0.075423
0 0.263760 0.327698 0.076389 0.052016
0 0.110274 0.321196 0.072145 0.052016
0 0.187370 0.204811 0.090535 0.058518
0 0.371270 0.225618 0.090535 0.053316
0 0.513439 0.234070 0.060828 0.054616
0 0.603267 0.243173 0.056585 0.049415
5 0.899628 0.642393 0.069316 0.065020
5 0.776557 0.617685 0.083462 0.065020
5 0.633681 0.603381 0.080633 0.078023
5 0.158371 0.591027 0.063658 0.084525
5 0.310442 0.591678 0.087706 0.096229
5 0.474537 0.597529 0.099023 0.066320
5 0.053689 0.579324 0.069316 0.081925
4 0.874873 0.847204 0.067901 0.087126
4 0.799191 0.819896 0.057999 0.063719
4 0.788581 0.947334 0.107511 0.066320
4 0.615291 0.944733 0.100438 0.071521
4 0.535365 0.793238 0.056585 0.070221
4 0.655607 0.803641 0.084877 0.072822
4 0.430684 0.797789 0.067901 0.079324
4 0.417245 0.949285 0.111754 0.062419
4 0.240418 0.949935 0.091950 0.066320
4 0.057933 0.936281 0.083462 0.070221
4 0.045909 0.799090 0.084877 0.061118
4 0.205053 0.783485 0.072145 0.074122
4 0.309027 0.791938 0.073560 0.080624