6 0.226313 0.760728 0.078752 0.104031
6 0.625906 0.780234 0.061251 0.088427
6 0.580210 0.700910 0.067085 0.083225
7 0.798965 0.762679 0.078752 0.097529
7 0.417845 0.762029 0.076807 0.098830
8 0.706602 0.747724 0.084585 0.119636
8 0.521389 0.728218 0.054446 0.093628
4 0.178187 0.442783 0.087502 0.152146
5 0.223882 0.590377 0.079724 0.122237
3 0.794590 0.644993 0.060279 0.145644
3 0.464999 0.407022 0.042779 0.104031
3 0.622503 0.360208 0.044723 0.096229
3 0.418331 0.663849 0.052501 0.110533
1 0.285620 0.508453 0.037918 0.072822
1 0.539376 0.466840 0.045696 0.088427
3 0.625420 0.641092 0.048612 0.101430
2 0.572918 0.591678 0.038890 0.145644
0 0.615211 0.427178 0.055418 0.061118
0 0.621044 0.548114 0.045696 0.071521