5 0.087282 0.576073 0.084585 0.124837
3 0.174298 0.415475 0.097224 0.063719
3 0.321593 0.205462 0.047640 0.122237
3 0.388192 0.427828 0.042779 0.117035
3 0.422220 0.126138 0.046668 0.111834
3 0.593822 0.206762 0.032084 0.109233
3 0.575349 0.403771 0.041807 0.074122
1 0.515070 0.176853 0.049584 0.075423
1 0.509236 0.420026 0.043751 0.041612
1 0.254508 0.369311 0.043751 0.098830
8 0.134436 0.702861 0.052501 0.068921
8 0.419790 0.540962 0.037918 0.054616
6 0.533542 0.493498 0.053473 0.079324
8 0.614239 0.299090 0.034029 0.059818
8 0.584099 0.464889 0.030140 0.071521