1 0.060163 0.391334 0.030894 0.085122
1 0.169106 0.393145 0.027642 0.092366
1 0.268699 0.385900 0.034959 0.103233
1 0.332114 0.392239 0.025203 0.083311
1 0.400813 0.407634 0.022764 0.092366
1 0.473984 0.427556 0.026016 0.117722
1 0.549187 0.426650 0.030081 0.079689
1 0.614634 0.439328 0.024390 0.086933
1 0.676423 0.437517 0.022764 0.086933
1 0.724797 0.436611 0.018699 0.074255
1 0.781707 0.441139 0.026829 0.086933
1 0.840650 0.459250 0.026016 0.086933
1 0.899187 0.480983 0.027642 0.083311
1 0.045528 0.835960 0.052033 0.086933
1 0.134959 0.832338 0.048780 0.086933
1 0.208130 0.833243 0.042276 0.081500
1 0.273171 0.833243 0.048780 0.063389
1 0.334146 0.834149 0.047154 0.076066
1 0.396748 0.827810 0.050407 0.074255
1 0.463008 0.835054 0.049593 0.074255
1 0.523577 0.840488 0.048780 0.077878
1 0.595122 0.849543 0.053659 0.077878
1 0.682114 0.869465 0.050407 0.063389
1 0.751220 0.895727 0.050407 0.076066
1 0.817073 0.908404 0.050407 0.079689
1 0.879268 0.915649 0.036585 0.076066
1 0.939024 0.925610 0.037398 0.074255
1 0.048374 0.595989 0.028455 0.081500
1 0.141057 0.604139 0.023577 0.086933
1 0.221138 0.608666 0.027642 0.077878
1 0.295935 0.615911 0.035772 0.085122
1 0.377236 0.632211 0.029268 0.077878
1 0.434553 0.632211 0.028455 0.099611
1 0.503659 0.632211 0.028455 0.085122
1 0.575610 0.639455 0.042276 0.092366
1 0.641870 0.642172 0.028455 0.090555
1 0.707317 0.657566 0.032520 0.081500
1 0.762602 0.668433 0.026016 0.095989
1 0.892276 0.708277 0.036585 0.088744
1 0.823171 0.690166 0.031707 0.085122