0 0.262046 0.165150 0.088541 0.052016
0 0.416993 0.163849 0.092230 0.062419
0 0.611599 0.171001 0.086696 0.061118
0 0.725964 0.174902 0.083007 0.050715
0 0.885523 0.184005 0.092230 0.053316
0 0.839408 0.299740 0.077473 0.063719
0 0.959363 0.299740 0.081274 0.074122
0 0.224231 0.275033 0.094075 0.063719
0 0.400391 0.282185 0.088541 0.065020
0 0.590386 0.286736 0.088541 0.058518
0 0.703829 0.303641 0.094075 0.074122
0 0.037926 0.281534 0.071940 0.053316
0 0.048994 0.172952 0.075629 0.062419
5 0.083119 0.511704 0.095920 0.066320
5 0.234377 0.526658 0.077473 0.075423
5 0.357965 0.528609 0.084852 0.079324
5 0.531358 0.550065 0.077473 0.075423
5 0.671548 0.552016 0.084852 0.068921
5 0.808049 0.555917 0.099609 0.074122
5 0.953829 0.576073 0.092342 0.080624
4 0.872610 0.788687 0.118055 0.061118
4 0.663248 0.774382 0.108832 0.061118
4 0.490777 0.780884 0.084852 0.081925
4 0.364421 0.772432 0.068250 0.067620
4 0.594997 0.934980 0.112521 0.054616
4 0.830185 0.938882 0.121744 0.054616
4 0.351509 0.923277 0.101453 0.057217
4 0.072974 0.928479 0.094075 0.054616
4 0.062828 0.792588 0.081163 0.079324
4 0.241755 0.789337 0.092230 0.075423