7 0.066667 0.413775 0.076423 0.093659
7 0.186992 0.398165 0.066667 0.095145
7 0.269919 0.401138 0.056911 0.110012
7 0.357724 0.402625 0.063415 0.124878
7 0.460569 0.387015 0.060976 0.105552
7 0.521951 0.384042 0.053659 0.114472
7 0.606504 0.400395 0.052033 0.105552
7 0.682520 0.389988 0.041463 0.105552
7 0.724390 0.392962 0.045528 0.108525
7 0.789431 0.409315 0.040650 0.087712
7 0.834553 0.415261 0.034959 0.090685
6 0.041463 0.643461 0.069919 0.130825
6 0.143089 0.626365 0.050407 0.138258
6 0.237805 0.604065 0.067480 0.126365
6 0.363008 0.621905 0.062602 0.135285
6 0.473984 0.600348 0.055285 0.133798
6 0.584146 0.597375 0.054472 0.115958
6 0.676423 0.586969 0.058537 0.121905
8 0.764228 0.581765 0.042276 0.105552
8 0.883740 0.581765 0.042276 0.099605
8 0.938211 0.595889 0.039024 0.089199
8 0.980894 0.590685 0.033333 0.090685
8 0.828862 0.593659 0.044715 0.105552