3 0.335772 0.297049 0.027642 0.122868
3 0.930488 0.182957 0.070732 0.105315
3 0.922764 0.439663 0.043902 0.166749
3 0.848374 0.451731 0.038211 0.182107
3 0.785772 0.450634 0.033333 0.193078
3 0.715041 0.436372 0.034959 0.199660
3 0.660569 0.412237 0.034959 0.133838
3 0.936179 0.708436 0.046341 0.111897
3 0.843902 0.741347 0.047154 0.107509
3 0.780081 0.685399 0.047967 0.114091
3 0.715041 0.682107 0.034959 0.120674
3 0.650813 0.688690 0.039837 0.116286
3 0.571951 0.683205 0.039837 0.087763
3 0.498374 0.708436 0.043902 0.072404
3 0.402846 0.755609 0.041463 0.109703
3 0.317073 0.744638 0.032520 0.157973
3 0.264228 0.776452 0.037398 0.133838
3 0.203252 0.790714 0.030894 0.166749
3 0.151220 0.752318 0.026016 0.120674
3 0.095935 0.781937 0.032520 0.153585
3 0.037398 0.779743 0.032520 0.223795
3 0.611789 0.401267 0.033333 0.151391
3 0.562602 0.397976 0.037398 0.144808
3 0.503659 0.383714 0.031707 0.155779
3 0.443496 0.388103 0.036585 0.151391
3 0.389431 0.377132 0.032520 0.173331
3 0.242683 0.414431 0.036585 0.221601
3 0.180488 0.395782 0.027642 0.144808
3 0.123577 0.397976 0.029268 0.162361
3 0.042276 0.408946 0.034146 0.179913
3 0.832927 0.141270 0.046341 0.087763
3 0.741870 0.137979 0.052846 0.085569
3 0.650407 0.117135 0.055285 0.087763
3 0.547561 0.114941 0.057724 0.083375
3 0.446748 0.088613 0.059350 0.087763
3 0.350813 0.083127 0.059350 0.098733
3 0.252033 0.074351 0.052033 0.081180
3 0.141057 0.065575 0.057724 0.089957
3 0.042683 0.053508 0.052846 0.083375