3 0.065041 0.377815 0.063415 0.076967
3 0.195935 0.377815 0.053659 0.076967
3 0.312602 0.403791 0.057724 0.086588
3 0.422358 0.425919 0.054472 0.080816
3 0.536992 0.430729 0.047967 0.067346
3 0.621951 0.452858 0.052033 0.080816
3 0.708537 0.470175 0.047967 0.076967
3 0.796341 0.484607 0.057724 0.063498
3 0.916260 0.521166 0.042276 0.055801
3 0.900000 0.703001 0.045528 0.069271
3 0.781301 0.679911 0.042276 0.065422
3 0.695528 0.676063 0.039837 0.073119
3 0.606098 0.649124 0.054472 0.065422
3 0.934959 0.957955 0.050407 0.071195
3 0.849187 0.918509 0.056098 0.061574
3 0.752439 0.886760 0.044715 0.059650
3 0.646341 0.847315 0.056911 0.073119
3 0.552033 0.835770 0.045528 0.073119
3 0.430894 0.823262 0.065041 0.075043
3 0.263008 0.801134 0.070732 0.084664
3 0.144715 0.812679 0.035772 0.065422
3 0.038618 0.802096 0.051220 0.075043
3 0.193089 0.594285 0.073984 0.078891
3 0.323171 0.603906 0.067480 0.075043
3 0.425203 0.621223 0.037398 0.075043
3 0.514228 0.633731 0.054472 0.061574
3 0.100407 0.587550 0.039837 0.061574
3 0.031301 0.594285 0.031707 0.067346